259 116
45 45 45 45 45 45 45 45 45 45 45 46 46 46 47 47 47 47 47 47 47 47 47 47 46 46 46 47 47 48 48 48 47 47 47 47 47 47 47 47 47 47 47 47 47 47 47 49 49 49 49 48 48 47 47 47 49 49 49 48 48 47 47 47 45 45 46 46 46 46 46 46 46 46 45 45 44 44 44 43 43 43 43 43 43 43 43 43 42 42 42 42 42 42 42 42 42 42 42 42 42 42 42 42 43 43 42 42 42 41 41 41 38 38 38 38 
45 45 45 45 45 45 45 45 45 45 45 46 46 47 47 47 47 47 47 47 47 47 47 47 46 47 47 47 48 48 49 49 48 48 48 48 48 48 48 48 48 48 48 48 48 48 48 48 49 50 49 49 48 48 47 47 49 49 49 48 48 47 47 47 46 46 46 46 46 47 47 47 46 46 45 45 44 44 44 44 43 43 43 43 43 43 43 43 42 42 42 42 42 42 42 42 42 42 42 42 42 42 42 42 43 43 42 42 42 41 41 41 38 38 38 38 
45 45 45 45 45 45 45 45 45 45 46 46 47 47 47 48 48 48 48 48 48 48 48 48 47 48 48 48 49 49 50 50 48 48 48 48 48 48 48 48 49 49 49 49 49 49 49 49 50 50 49 49 48 48 48 48 49 49 48 48 47 47 47 46 48 48 48 47 47 47 47 47 46 46 46 45 45 44 44 44 44 44 44 44 44 44 44 44 43 43 43 43 43 43 43 43 42 42 42 42 42 42 42 42 43 43 42 42 42 41 41 41 39 39 39 39 
46 46 46 46 46 46 46 46 46 46 46 47 47 47 48 48 49 49 49 49 49 49 49 49 49 49 49 50 50 51 51 49 49 49 49 49 49 49 49 49 50 50 50 50 50 50 50 50 50 52 52 51 51 50 50 50 50 50 49 49 49 48 48 48 50 50 49 49 49 48 48 48 47 47 46 46 45 45 44 44 44 44 44 44 44 44 44 44 43 43 43 43 43 43 43 43 43 43 43 43 43 43 43 43 43 43 42 42 42 41 41 41 39 39 39 39 
46 46 46 46 46 46 46 46 46 46 47 47 47 48 48 48 48 48 48 48 48 48 48 48 48 48 49 49 50 50 51 51 51 50 50 50 50 50 50 50 52 52 52 52 52 52 52 53 53 53 52 52 51 51 51 50 50 50 49 49 48 48 48 48 50 50 49 49 48 47 47 47 45 45 45 44 44 43 43 43 45 45 45 45 45 45 45 45 43 43 43 43 43 43 43 43 43 43 43 43 43 43 43 43 43 43 42 42 42 41 41 41 39 39 39 39 
46 46 46 46 46 46 46 46 46 47 47 47 48 48 49 49 49 49 49 49 49 49 49 49 50 50 50 51 51 52 52 52 53 53 53 53 53 53 53 53 55 55 55 55 55 55 55 55 55 56 56 55 55 54 54 54 52 52 52 51 51 50 50 50 52 51 51 50 49 48 48 47 46 45 45 45 44 44 43 43 45 45 45 45 45 45 45 45 44 44 44 44 44 44 44 44 44 44 44 44 44 44 44 44 43 43 42 42 42 41 41 41 40 40 40 40 
47 47 47 47 47 47 47 47 47 47 47 48 48 49 49 49 50 50 50 50 50 50 50 50 51 51 51 52 52 53 53 53 55 54 54 54 54 54 54 54 56 56 56 56 56 56 56 57 58 58 58 57 57 56 56 56 53 53 53 53 52 52 51 51 53 53 52 51 50 49 48 48 46 46 45 45 45 44 44 44 46 46 46 46 46 46 46 46 44 44 44 44 44 44 44 44 44 44 44 44 44 44 44 44 43 43 42 42 42 41 41 41 40 40 40 40 
47 47 47 47 47 47 47 47 47 47 48 48 48 49 49 49 50 50 50 50 50 50 50 50 51 51 52 52 53 53 53 53 55 55 55 55 55 55 55 55 58 58 58 58 58 58 58 58 59 59 58 58 57 57 56 56 54 54 53 53 52 52 52 52 53 54 53 52 51 49 49 48 46 46 46 45 45 44 44 44 46 46 46 46 46 46 46 46 44 44 44 44 44 44 44 44 44 44 44 44 44 44 44 44 43 43 42 42 42 41 41 41 40 40 40 40 
48 48 48 48 48 48 48 48 48 49 49 49 50 50 51 51 48 47 47 48 48 48 49 49 49 50 51 52 53 54 55 56 56 56 57 58 58 59 60 60 60 61 63 64 65 64 63 63 62 62 61 61 60 60 59 59 59 59 58 57 56 55 55 54 55 55 54 53 52 51 50 50 50 49 49 48 47 47 46 47 45 45 46 46 46 46 46 46 45 45 45 45 45 45 45 45 46 45 45 45 44 44 43 43 43 43 42 42 42 41 41 41 41 41 41 41 
48 48 48 48 48 48 48 48 49 49 49 49 50 50 51 49 48 48 48 48 49 49 49 50 52 52 53 54 56 57 58 57 59 59 60 61 62 62 63 63 64 65 66 68 68 68 67 64 63 63 63 62 62 61 61 61 61 60 60 59 58 57 56 56 57 58 57 56 55 53 53 52 50 50 49 48 47 47 46 46 44 46 46 46 46 46 46 46 45 45 45 45 45 45 45 45 46 46 45 45 44 44 43 43 43 43 42 42 42 41 41 41 41 41 41 41 
49 49 49 49 49 49 49 49 49 49 49 50 50 51 51 49 49 48 48 49 49 50 50 50 53 54 55 56 58 59 60 61 63 61 62 63 64 65 66 66 66 67 69 70 71 70 69 69 68 67 67 66 66 65 65 65 64 64 63 62 61 60 60 60 62 61 60 58 57 55 54 53 50 50 49 48 47 46 45 46 45 47 47 47 47 47 47 47 45 45 45 45 45 45 45 45 46 46 45 45 45 44 44 44 43 43 42 42 42 41 41 41 41 41 41 41 
49 49 49 49 49 49 49 49 49 49 50 50 51 51 52 50 50 49 50 50 51 52 53 53 54 55 56 58 60 61 63 63 64 64 65 66 68 69 70 70 70 71 73 74 75 74 74 72 72 72 71 71 70 70 70 69 68 68 67 66 65 64 64 63 63 64 63 61 59 57 55 54 52 51 50 49 48 47 46 46 47 49 48 48 48 47 47 47 46 46 46 46 46 46 46 46 46 46 46 46 45 45 44 44 43 43 42 42 42 41 41 41 41 41 41 41 
50 50 50 50 50 50 50 50 50 50 50 51 51 52 52 50 51 50 51 52 53 54 55 55 55 56 57 59 61 63 65 65 66 66 67 69 70 72 73 73 73 74 76 77 78 77 76 76 76 74 74 73 73 72 72 72 70 70 69 68 67 66 66 67 66 67 66 63 60 58 56 55 54 54 53 51 50 48 47 47 48 50 50 49 48 48 47 47 46 46 46 46 46 46 46 46 47 47 46 46 45 45 45 45 43 43 42 42 42 41 41 41 41 41 41 41 
50 50 50 50 50 50 50 50 50 50 51 51 52 52 52 51 52 52 53 54 55 56 57 58 57 58 60 62 64 66 68 67 70 70 72 73 75 77 78 79 78 79 81 82 83 82 82 81 80 80 79 79 78 78 78 77 75 75 74 73 72 71 71 70 71 72 70 67 64 61 58 57 57 57 55 54 52 50 49 49 50 51 51 50 49 48 48 47 46 46 46 46 46 46 46 46 47 47 47 46 46 46 45 45 43 43 42 42 42 41 41 41 41 41 41 41 
51 51 51 51 51 51 51 51 51 51 51 52 52 52 53 51 52 51 52 53 55 56 57 58 59 60 62 65 67 69 71 72 75 76 77 79 81 83 84 85 85 86 87 89 89 89 88 87 86 85 85 84 84 83 83 83 81 80 80 79 78 77 76 77 77 76 73 70 66 63 60 59 58 57 56 54 52 50 49 50 51 53 52 51 50 49 48 48 47 47 47 47 47 47 47 47 48 48 47 47 46 46 45 45 43 43 42 42 42 41 41 41 41 41 41 41 
49 49 49 49 49 49 49 49 49 49 49 50 50 51 51 51 52 51 52 54 55 57 58 59 63 64 66 68 71 73 75 75 77 78 80 81 84 86 87 87 86 87 89 90 91 90 89 89 89 89 89 88 88 87 87 87 84 84 83 83 82 81 81 80 80 80 77 74 70 67 64 62 60 59 57 55 53 51 50 51 52 53 52 51 50 49 48 48 47 47 47 47 47 47 47 48 48 48 47 47 46 46 46 45 43 43 42 42 42 41 41 41 41 41 41 41 
49 49 49 50 50 51 51 51 52 52 52 52 53 53 53 52 52 52 55 56 61 62 64 66 66 67 69 73 76 80 80 81 77 82 87 85 79 78 85 91 93 83 87 94 91 89 90 89 89 91 88 88 96 94 88 89 93 93 90 88 88 87 84 83 84 83 79 76 75 72 70 67 65 62 59 58 56 55 52 52 51 52 51 50 48 47 48 48 49 49 49 49 49 52 52 50 48 47 46 46 46 45 45 45 42 42 41 41 41 40 40 40 40 40 40 40 
48 48 49 49 49 50 50 50 51 51 52 52 52 53 53 52 53 53 56 58 62 64 66 66 69 70 73 74 78 82 83 83 83 82 85 91 96 96 92 87 103 99 102 107 101 96 92 90 99 99 94 92 96 95 91 93 92 91 89 91 92 93 91 90 87 85 81 80 78 76 72 71 68 66 63 62 59 58 55 52 51 52 52 50 49 48 49 48 49 49 49 49 52 52 52 50 47 47 46 46 46 45 45 45 42 42 42 41 41 40 40 40 40 40 40 40 
48 49 49 49 50 50 51 51 52 52 52 53 53 54 54 54 55 56 57 60 63 65 67 70 73 73 76 78 82 86 87 87 97 93 89 88 91 95 101 105 94 95 98 100 100 102 105 106 109 109 107 104 103 103 102 103 101 101 99 99 100 99 97 95 92 89 85 83 81 80 76 74 71 69 66 64 63 61 58 58 54 53 52 51 50 49 50 49 49 49 50 50 52 52 52 52 48 47 46 46 46 45 45 45 43 42 42 42 41 41 40 40 40 40 40 40 
49 49 49 50 50 51 51 51 52 53 53 54 55 56 56 57 58 58 60 63 66 69 71 71 74 76 77 80 84 88 90 91 81 93 105 108 102 98 100 106 110 118 119 114 115 117 115 115 103 105 112 115 112 111 114 110 114 112 109 108 107 104 100 96 95 92 88 86 84 82 78 77 74 73 69 67 66 63 60 59 56 56 54 53 52 50 49 50 50 50 51 50 52 52 52 49 47 47 46 46 46 45 45 45 43 43 42 42 42 41 41 41 41 41 41 41 
49 49 50 50 51 51 52 52 53 54 54 55 57 58 58 59 61 62 62 66 69 72 74 74 74 75 78 82 86 90 91 93 99 103 106 106 105 108 118 125 108 122 120 108 108 102 85 76 81 87 105 116 111 111 115 109 114 113 112 113 114 114 110 106 99 94 90 89 87 85 81 79 76 75 71 68 67 65 63 60 59 58 57 55 53 52 50 50 51 51 52 51 50 50 49 49 47 47 46 46 46 45 45 45 43 43 43 42 42 42 41 41 41 41 41 41 
50 50 50 51 51 52 52 52 54 54 55 57 58 59 60 61 62 64 65 69 72 74 77 77 76 76 79 83 87 92 95 98 116 110 105 110 119 123 121 116 99 95 60 29 42 70 84 95 60 69 97 112 103 102 108 100 101 101 105 112 116 120 121 118 103 98 94 91 89 88 84 82 79 77 72 71 70 67 64 61 61 60 59 57 54 52 52 51 50 52 51 52 51 50 49 49 47 47 46 46 46 45 45 45 44 44 43 43 42 42 42 41 41 41 41 41 
50 50 51 51 52 52 52 52 54 55 56 58 59 61 62 62 65 66 67 70 72 76 78 78 78 80 83 88 93 95 99 104 95 109 124 132 124 102 76 60 39 62 56 53 82 102 88 77 64 71 101 113 98 96 104 94 87 90 95 106 115 121 123 121 109 105 99 96 94 91 87 84 83 80 77 76 74 70 68 64 62 61 59 57 56 53 52 52 51 53 52 51 50 49 49 49 47 47 46 46 46 45 45 45 44 44 44 43 43 42 42 42 42 42 42 42 
50 50 51 51 52 52 52 53 55 55 57 58 60 61 62 63 66 66 68 71 74 76 78 78 79 81 85 90 95 101 105 110 123 131 123 90 52 35 47 68 46 65 52 43 76 95 79 65 77 83 109 119 99 97 106 96 84 87 92 102 110 117 119 117 114 110 105 100 98 94 90 87 85 83 80 77 76 73 71 67 63 62 60 58 55 54 52 51 52 51 50 51 50 49 49 49 47 47 46 46 46 45 45 45 44 44 44 43 43 43 42 42 42 42 42 42 
52 52 53 54 55 55 56 57 56 57 58 60 61 63 64 65 69 72 75 76 76 79 80 82 93 86 88 96 103 104 108 120 128 122 69 4 0 40 62 57 55 44 48 83 109 91 63 55 73 93 116 118 110 112 114 103 95 101 102 100 108 121 123 113 112 118 109 113 106 99 103 81 89 87 85 81 80 77 74 70 67 64 60 60 59 56 54 51 52 52 51 49 50 50 51 52 47 47 46 46 46 45 45 45 45 44 44 44 43 43 42 42 41 41 41 41 
52 52 53 54 55 56 57 57 57 57 59 60 62 64 65 66 71 74 76 79 79 80 83 85 75 86 94 97 104 116 118 115 92 87 48 9 20 53 59 46 52 57 73 98 109 87 65 62 103 112 117 104 88 92 97 90 80 92 103 104 109 120 122 115 127 121 104 110 108 101 106 89 91 88 85 82 79 77 73 69 68 65 61 59 60 57 54 52 53 52 51 49 48 50 51 51 47 47 47 46 46 45 45 45 45 45 44 44 43 43 42 42 41 41 41 41 
53 53 54 55 56 56 57 58 58 59 60 62 64 66 67 68 74 77 80 81 82 84 88 89 83 98 106 106 118 133 117 88 57 46 16 5 35 63 60 45 59 75 94 101 92 75 68 70 91 104 116 109 95 95 95 81 84 102 118 122 126 133 135 131 140 125 103 111 115 104 109 100 93 91 88 85 82 80 76 72 70 66 63 61 59 59 55 52 54 52 50 50 49 48 49 49 48 47 47 47 46 46 45 45 45 45 44 44 44 43 43 43 41 41 41 41 
54 54 55 56 56 57 58 58 60 60 62 64 66 69 70 71 75 77 81 83 85 86 89 92 103 106 108 111 119 112 76 38 43 25 0 0 34 61 61 55 78 86 94 86 72 72 76 76 80 97 114 113 103 105 102 88 104 113 122 125 131 138 141 140 138 129 110 124 130 110 110 107 98 94 89 87 85 81 78 76 72 69 66 63 61 59 57 54 54 53 51 49 49 49 49 49 48 48 47 47 47 46 46 46 45 45 45 45 44 44 43 43 42 42 42 42 
55 55 56 57 57 58 59 59 61 62 64 66 69 71 73 74 76 78 82 83 86 88 92 94 105 102 108 111 91 52 21 10 41 27 8 11 37 56 60 64 85 80 80 78 76 87 90 77 90 103 112 102 91 99 110 106 129 125 120 120 129 139 142 141 131 133 123 142 147 120 111 109 102 98 93 91 88 85 82 78 75 72 68 65 64 61 57 55 55 53 52 50 48 48 49 49 48 48 48 47 47 47 46 46 46 46 45 45 44 44 44 44 42 42 42 42 
55 56 57 57 58 59 60 60 63 64 66 69 71 74 76 77 78 80 82 86 87 90 93 99 103 110 122 111 62 13 10 39 43 40 32 34 50 58 60 66 79 66 72 85 92 102 95 68 59 81 105 108 100 111 125 124 116 105 95 97 108 118 120 120 128 141 131 148 161 135 117 109 107 102 97 93 91 88 84 82 78 75 70 67 66 62 58 55 56 54 53 50 49 48 49 49 49 49 48 48 47 47 47 46 46 46 46 45 45 45 44 44 43 43 43 43 
56 56 57 58 59 60 61 61 64 65 67 70 73 76 78 79 81 83 86 89 90 94 98 103 110 117 115 86 40 14 34 68 52 59 53 48 58 67 69 73 81 62 70 87 87 88 78 51 43 78 117 124 114 118 127 124 141 136 135 144 154 160 160 161 139 151 129 140 165 150 129 112 111 106 99 97 95 90 86 83 80 77 72 69 66 63 60 56 57 55 54 51 49 48 48 49 49 49 49 48 48 47 47 47 47 47 46 46 45 45 44 44 43 43 43 43 
56 57 58 58 59 60 61 61 65 66 68 70 73 76 78 79 81 83 88 91 94 97 103 108 116 113 88 46 19 24 47 66 66 70 59 49 57 72 79 84 91 67 71 81 68 61 57 38 87 114 137 127 104 102 114 118 122 128 139 155 163 164 163 164 149 156 124 131 166 162 142 116 116 109 103 99 95 91 86 83 79 78 73 70 67 64 60 57 55 56 53 51 49 48 48 48 47 49 49 48 48 48 47 47 47 47 46 46 45 45 45 44 43 43 43 43 
59 59 59 59 61 63 64 65 65 68 71 74 75 77 81 81 80 78 86 93 94 102 112 111 134 79 53 49 31 30 55 71 72 57 50 61 71 74 75 82 90 44 69 66 61 62 31 59 112 130 131 104 84 89 106 117 116 129 137 145 152 148 144 148 165 159 131 128 158 157 144 159 118 102 118 98 91 100 73 86 84 81 75 70 69 65 62 60 56 56 53 50 48 47 47 48 50 49 49 49 48 48 47 47 47 47 46 46 46 45 45 45 43 43 43 43 
60 59 59 60 61 63 65 66 66 69 70 73 74 76 80 80 77 78 90 94 93 103 115 118 108 63 48 51 34 33 57 68 55 52 54 60 58 54 67 83 89 38 54 59 74 101 95 133 114 114 104 90 97 117 129 125 125 126 142 166 168 140 132 151 162 165 128 126 177 177 131 116 118 104 110 104 102 100 83 86 85 82 76 71 70 66 63 60 56 55 54 51 48 47 47 47 48 50 49 49 48 48 47 47 47 47 47 46 46 45 45 45 44 44 44 44 
61 60 60 61 61 63 66 67 67 70 72 74 76 78 81 82 79 81 94 97 95 104 117 119 70 43 43 51 36 37 58 65 58 52 52 53 51 52 67 84 70 29 51 65 82 101 86 106 121 112 96 86 100 123 128 118 142 124 130 156 152 119 129 179 176 175 126 114 164 170 126 107 141 125 103 107 110 96 96 90 87 84 78 73 71 68 64 61 57 55 54 51 49 48 48 49 50 50 49 49 49 48 48 48 48 47 47 47 46 46 45 45 44 44 44 44 
62 62 62 62 63 65 67 67 69 72 74 76 78 81 84 84 84 84 93 98 101 111 116 109 45 31 43 51 36 41 61 64 59 52 53 64 70 67 56 50 52 30 56 71 76 74 48 53 45 51 49 45 52 71 86 88 128 116 123 142 131 95 106 157 142 134 117 121 152 171 172 172 170 152 103 108 108 88 103 92 91 87 80 75 73 69 65 62 58 56 55 52 50 48 49 49 48 50 50 50 49 49 48 48 48 48 47 47 47 46 46 46 45 45 45 45 
64 63 62 63 64 66 67 69 70 72 76 79 80 83 87 87 89 85 88 97 109 120 110 86 37 30 44 49 35 44 65 60 45 46 56 66 67 53 27 9 13 2 18 25 25 28 28 38 43 50 49 40 33 34 40 41 40 60 90 116 119 101 106 136 152 130 143 166 161 163 178 174 163 153 107 110 109 92 107 89 93 89 82 77 74 70 66 63 59 57 56 53 51 49 50 51 51 51 50 50 49 49 49 49 48 48 48 47 47 47 46 46 46 46 46 46 
65 65 63 64 65 67 69 70 70 73 77 80 82 85 90 90 93 87 89 99 113 120 97 59 37 36 50 48 33 47 66 53 44 44 42 32 22 19 23 29 48 48 57 63 59 62 77 85 82 82 81 83 89 94 90 84 63 60 46 35 46 75 123 171 159 133 147 172 168 173 188 178 133 134 116 112 110 106 108 91 94 90 83 77 75 71 66 63 60 58 57 54 52 50 51 51 49 51 51 50 50 50 49 49 49 49 48 48 47 47 47 46 47 47 47 47 
65 65 64 65 65 68 70 69 71 75 78 81 84 85 90 91 90 89 95 106 115 116 84 39 38 41 53 50 36 51 63 43 38 35 29 23 25 41 66 82 87 93 98 104 96 90 99 92 117 114 109 109 114 116 109 102 108 104 91 78 71 63 68 87 143 158 160 155 160 164 156 145 133 138 142 113 104 118 106 98 96 91 84 78 75 71 66 63 61 59 58 55 52 51 52 52 52 52 51 51 50 50 49 49 49 49 49 48 48 47 47 47 48 48 48 48 
65 65 65 64 66 68 68 70 72 74 79 82 83 86 91 92 86 91 101 110 115 109 75 29 38 41 56 52 37 53 61 33 11 15 32 55 82 102 107 101 113 114 108 113 107 105 118 107 105 109 112 114 115 118 124 128 124 117 112 114 106 77 61 73 59 143 162 149 171 170 136 128 161 160 167 111 92 120 104 105 96 91 84 78 75 71 66 63 61 59 58 55 53 51 52 52 50 52 51 51 50 50 50 49 49 49 49 48 48 48 47 47 48 48 48 48 
65 65 66 67 69 68 69 69 73 76 80 82 84 88 91 91 89 99 95 101 120 97 50 32 34 56 57 46 48 50 35 13 39 58 85 103 114 121 124 122 121 116 108 105 102 103 103 102 106 109 110 113 115 118 118 119 119 118 118 120 121 116 108 105 90 58 96 171 161 142 137 77 137 164 158 166 83 131 101 105 97 93 87 82 79 74 68 64 65 61 59 56 55 54 53 52 55 54 53 52 51 50 49 49 49 49 49 49 50 50 50 50 49 49 49 49 
65 66 67 68 67 69 70 69 73 75 79 82 85 88 92 92 88 98 100 107 117 86 45 35 35 56 61 49 40 36 38 47 76 89 107 116 120 120 119 116 118 112 106 103 101 100 100 100 103 105 107 109 111 114 114 115 114 114 115 118 121 117 112 112 115 96 92 122 135 145 137 76 138 175 172 171 82 120 102 106 97 93 87 82 79 74 68 64 65 62 59 56 55 54 53 51 52 54 53 52 51 50 49 49 50 50 50 50 50 50 50 50 49 49 49 49 
64 64 65 67 68 70 70 71 74 76 80 82 85 88 93 93 90 95 103 116 114 74 38 37 37 57 62 48 30 28 54 89 110 118 127 127 124 121 116 110 113 107 102 100 97 98 98 97 99 101 103 106 108 110 110 111 107 108 109 114 118 120 119 120 124 127 95 92 129 169 164 101 130 180 182 170 82 107 103 109 99 93 88 83 80 75 70 66 66 62 60 57 56 55 54 53 54 53 53 52 51 50 50 49 50 50 50 50 50 50 50 50 49 49 49 49 
65 65 66 68 70 71 72 73 74 77 80 84 86 90 94 94 96 94 103 121 110 62 29 35 42 63 60 36 28 45 81 114 120 124 127 123 118 116 113 108 108 104 99 96 96 96 96 95 96 100 102 103 105 106 105 106 103 104 106 109 113 116 119 121 118 130 111 102 126 164 164 101 122 179 181 167 90 98 106 108 97 94 88 83 81 76 71 67 67 63 61 58 57 56 55 53 51 53 53 52 51 51 50 50 51 51 51 51 50 50 50 50 49 49 49 49 
65 66 68 69 71 72 74 73 75 79 82 85 87 90 94 96 103 93 101 120 106 56 26 29 50 66 52 26 38 80 109 118 120 121 120 115 112 111 109 106 104 100 96 93 93 94 94 95 95 97 100 102 103 104 102 101 102 103 103 105 108 111 114 116 120 120 124 125 106 120 131 78 132 186 185 171 111 94 107 105 98 94 89 84 82 78 72 69 68 64 62 59 58 57 55 55 54 53 53 53 53 52 52 52 53 52 52 51 51 50 50 49 49 49 49 49 
66 67 69 71 72 74 74 75 77 80 83 87 88 91 96 97 106 96 106 118 98 52 26 27 59 63 46 32 62 108 122 114 121 121 118 112 107 107 105 101 102 99 94 93 93 94 94 94 93 95 98 100 102 101 100 97 99 101 103 103 104 106 108 110 117 110 124 135 105 104 135 108 151 198 194 184 135 88 104 101 98 94 89 85 83 79 74 70 69 65 63 60 59 57 56 55 52 54 54 54 54 54 54 54 54 53 53 52 51 50 50 49 49 49 49 49 
67 67 68 71 73 75 75 76 77 80 84 88 89 92 97 98 102 100 114 117 86 45 27 30 63 53 41 54 90 116 117 117 118 119 114 109 106 106 104 99 100 97 94 92 92 94 94 93 93 96 99 100 101 100 98 96 98 100 104 105 106 107 108 110 107 110 114 128 121 124 156 154 157 200 199 194 151 75 98 99 98 95 90 86 84 80 75 71 69 66 63 60 59 58 57 56 55 56 56 56 56 56 56 56 54 54 53 52 51 50 50 49 49 49 49 49 
67 68 69 71 74 74 76 77 77 80 85 87 90 93 97 98 98 103 121 117 76 37 28 32 66 43 40 75 110 112 110 123 113 113 112 106 106 106 105 102 101 99 94 92 92 93 95 94 90 93 96 99 101 99 97 96 96 101 105 108 108 108 111 111 107 125 109 111 127 129 144 150 148 192 197 196 156 67 94 104 98 94 89 86 83 80 76 72 70 66 64 61 60 59 57 57 54 54 54 55 55 55 55 55 53 52 52 51 49 48 48 49 49 49 49 49 
65 67 69 72 72 75 76 76 80 82 84 87 89 92 98 101 100 102 115 110 71 35 28 34 67 47 58 95 118 121 120 121 121 119 115 110 108 105 104 103 101 98 95 93 93 93 91 90 90 95 98 97 92 89 93 97 96 98 101 102 104 105 110 114 108 110 115 124 126 120 134 163 149 197 197 222 139 71 95 100 101 96 90 85 81 77 74 70 69 66 65 63 62 61 58 55 57 57 56 55 55 54 53 53 52 52 51 50 50 49 48 48 49 49 49 49 
65 66 69 71 73 75 77 78 81 83 85 88 88 93 98 102 102 103 115 108 67 29 23 32 63 47 62 101 120 120 120 124 122 121 117 112 109 106 106 105 100 97 94 92 93 92 91 88 89 93 97 95 91 89 92 96 96 98 100 102 103 107 112 113 115 117 118 122 123 118 122 142 163 211 240 190 113 69 90 116 101 95 89 85 81 77 72 70 68 66 65 64 64 62 59 56 56 56 55 54 54 53 52 52 51 51 50 49 49 48 47 47 47 49 49 49 
65 66 68 71 73 77 79 80 82 85 87 90 90 94 99 102 104 105 118 110 67 26 23 37 59 50 70 108 124 121 119 122 122 122 117 112 109 106 104 103 99 95 93 91 91 91 90 89 92 93 95 94 90 89 92 95 95 97 100 101 103 106 111 115 115 121 119 120 126 123 117 121 170 195 196 149 122 46 92 108 100 95 89 85 82 78 75 71 68 68 66 65 65 64 61 59 56 56 55 54 54 53 52 52 51 51 50 49 49 48 47 48 49 49 49 49 
66 67 69 71 73 78 80 82 84 87 90 92 93 96 100 103 105 106 121 116 72 32 31 47 56 51 76 117 128 120 117 122 122 122 118 113 110 107 105 104 98 95 92 91 91 91 91 88 93 94 94 93 90 89 92 94 95 97 100 101 103 106 111 113 109 118 116 116 127 128 117 112 174 165 107 151 190 33 110 92 99 95 89 85 82 78 74 72 69 67 66 66 67 66 63 61 56 56 55 54 54 53 52 52 51 51 50 49 49 48 47 47 47 49 49 49 
68 69 70 72 73 78 81 83 86 89 92 95 95 98 101 103 107 107 122 123 84 42 41 58 53 51 79 119 131 121 117 122 123 122 120 115 110 107 106 106 98 95 92 90 92 92 91 90 95 95 94 92 90 90 92 94 96 98 100 102 103 107 112 115 111 118 116 115 126 128 119 112 176 158 120 197 233 49 113 98 99 94 90 85 83 80 77 73 71 71 69 67 68 67 64 61 56 56 55 54 54 53 52 52 51 51 50 49 49 48 47 48 49 49 49 49 
72 71 71 72 73 77 80 83 87 91 95 98 97 99 102 105 111 107 123 128 94 52 48 63 51 48 78 119 132 122 116 119 124 124 122 117 112 109 107 107 98 97 93 92 94 94 94 93 98 97 94 92 91 91 93 94 97 99 101 103 104 108 113 114 117 122 118 119 123 120 117 123 171 173 213 225 189 60 84 107 99 94 90 86 84 80 76 74 74 72 70 69 69 67 64 61 56 56 55 54 54 53 52 52 51 51 50 49 49 48 47 47 47 49 49 49 
75 74 73 73 73 77 80 82 89 93 96 100 99 101 103 105 115 108 123 133 101 58 48 60 49 46 73 117 133 125 118 119 126 126 121 116 112 111 109 109 99 97 95 94 95 96 95 94 101 98 95 92 92 93 94 95 98 100 102 104 106 109 114 117 120 121 117 120 122 117 123 144 185 200 246 223 124 56 76 102 99 94 90 86 84 81 79 75 77 76 73 71 70 67 63 60 56 56 55 54 54 53 52 52 51 51 50 49 49 48 47 48 49 49 49 49 
77 76 74 73 73 76 79 81 89 93 97 101 100 101 103 105 118 108 122 133 104 59 46 56 49 43 70 115 132 126 119 119 127 127 122 118 113 110 110 109 100 98 95 96 97 98 97 96 103 99 95 92 92 94 95 95 99 101 103 105 106 110 114 116 115 115 114 120 122 116 131 163 214 228 214 219 106 49 100 100 98 94 90 86 84 81 77 76 79 76 74 71 70 66 62 59 56 56 55 54 54 53 52 52 51 51 50 49 49 48 47 47 47 49 49 49 
76 77 77 78 78 79 79 79 90 92 96 100 103 106 108 108 106 128 112 135 124 54 46 54 52 31 60 117 135 127 120 118 132 131 125 117 115 115 112 109 102 101 98 95 93 96 103 107 100 99 98 97 97 98 99 100 102 102 103 105 108 113 117 117 109 108 120 126 121 115 140 189 230 236 194 160 99 53 87 108 96 93 89 87 87 86 84 81 79 77 73 69 67 65 62 60 56 56 55 54 54 53 52 52 50 50 50 49 49 48 48 49 47 47 47 47 
78 78 79 80 79 80 79 80 88 91 95 101 104 107 109 109 107 118 116 134 128 73 46 53 53 45 51 92 135 135 123 134 135 134 128 121 118 119 115 110 106 104 100 98 98 100 106 110 101 100 99 98 98 99 100 101 102 103 105 107 110 114 116 116 119 115 111 118 113 118 165 199 207 205 155 140 91 80 93 87 99 96 92 89 88 85 82 81 78 74 71 68 67 65 62 60 56 56 55 54 54 53 52 52 50 50 50 49 49 48 48 48 45 47 47 47 
80 80 81 82 81 81 81 81 86 90 95 102 106 110 111 111 111 109 122 131 134 101 49 49 53 59 47 73 133 144 126 137 138 137 132 125 122 122 119 113 108 108 105 102 104 106 108 111 103 102 101 100 100 101 102 103 103 105 107 110 113 115 116 114 120 119 104 117 115 128 187 188 167 198 167 148 60 75 91 96 101 99 95 91 89 86 83 80 78 76 72 68 67 65 62 60 56 56 55 54 54 53 52 52 50 50 50 49 49 48 48 49 48 48 48 48 
81 81 82 83 83 84 84 84 85 89 95 103 107 111 114 111 115 101 126 126 137 123 56 46 53 57 48 66 121 143 132 131 141 140 135 128 126 125 121 116 110 108 107 107 109 110 111 112 106 105 104 103 103 104 105 106 106 108 111 114 116 116 116 113 110 117 103 124 123 136 183 151 161 214 194 153 39 71 89 102 105 103 97 93 89 85 80 78 77 73 70 67 67 65 62 60 56 56 55 54 54 53 52 52 50 50 50 49 49 48 48 48 46 48 48 48 
80 81 83 84 84 86 87 87 87 90 95 102 107 112 116 115 118 102 127 123 137 137 71 47 58 48 45 59 88 129 146 136 143 141 137 130 127 127 122 116 112 110 109 110 112 113 112 112 110 109 108 107 107 108 109 110 110 111 114 116 117 117 116 113 108 114 106 121 128 142 163 123 183 214 180 117 46 95 98 93 106 104 98 93 89 85 81 77 75 74 70 67 66 65 63 61 56 56 55 54 54 53 52 52 50 50 50 49 49 48 48 49 48 48 48 48 
78 79 82 85 86 89 90 91 91 92 95 100 105 112 117 117 116 112 123 123 135 141 98 59 59 44 42 45 56 101 146 149 145 144 140 134 131 129 125 118 115 112 112 114 117 118 115 112 112 113 112 111 111 112 113 114 115 115 116 117 117 117 117 114 116 114 113 113 133 152 142 120 170 201 178 75 52 89 102 107 105 103 97 92 88 83 78 76 74 71 68 66 66 65 63 61 56 56 55 54 54 53 52 52 50 50 50 49 49 48 48 48 47 49 49 49 
75 77 80 84 87 91 93 95 95 95 95 99 103 110 118 119 111 121 119 124 137 143 129 79 54 58 51 43 46 73 112 140 148 146 144 139 136 134 129 121 119 116 114 117 123 124 120 116 117 116 115 114 114 115 116 117 119 119 118 117 117 117 117 116 120 112 125 112 148 174 129 136 174 202 188 47 71 84 104 117 102 100 95 90 87 83 79 75 74 72 69 66 66 65 63 61 56 56 55 54 54 53 52 52 50 50 50 49 49 48 48 49 49 49 49 49 
71 73 77 82 87 91 95 97 98 96 95 95 101 110 118 120 107 128 113 125 135 141 146 91 43 71 65 50 56 58 78 122 154 152 149 143 140 138 132 126 122 119 117 120 124 125 120 117 119 120 118 116 116 117 117 117 120 117 115 114 113 115 116 117 117 111 141 123 171 198 124 147 218 206 172 20 109 113 112 91 101 99 93 90 86 82 78 75 73 70 67 66 65 65 63 61 56 56 55 54 54 53 52 52 50 50 50 49 49 48 48 48 47 47 47 47 
78 79 79 78 81 88 97 102 97 97 100 99 100 105 113 115 115 121 123 127 123 131 142 113 71 38 40 58 59 72 80 55 115 152 156 149 146 135 137 134 128 129 112 124 138 121 116 123 123 128 127 123 117 115 117 119 117 118 114 105 103 111 114 115 115 134 129 147 196 188 152 155 220 226 71 58 118 96 116 106 101 98 93 89 85 82 77 73 70 69 68 66 62 61 58 57 55 55 55 54 54 53 53 53 53 53 52 52 51 51 51 50 49 50 49 49 
82 82 82 82 83 87 92 97 100 101 101 101 101 104 111 112 118 122 126 130 133 147 159 139 90 65 57 62 62 67 70 57 46 86 115 146 168 159 142 128 127 132 124 132 137 123 119 126 128 131 128 125 122 119 119 120 119 114 109 106 110 115 117 118 134 129 149 176 185 194 184 148 210 169 57 72 116 100 118 101 100 97 92 88 86 82 77 73 69 68 68 65 62 59 58 57 56 55 55 55 54 54 53 53 53 53 52 52 51 51 51 51 49 49 49 48 
86 87 88 87 86 87 89 92 102 104 105 105 105 106 109 109 114 119 128 133 138 137 124 106 69 69 65 68 79 79 77 81 88 80 65 74 103 115 117 129 126 136 143 144 139 132 128 131 134 135 131 129 129 127 124 122 121 113 109 113 119 119 121 126 127 139 184 207 193 198 191 147 175 98 53 94 116 107 111 93 98 96 91 87 85 81 76 73 68 67 67 65 62 59 58 57 56 56 56 55 55 54 54 54 53 53 53 52 52 51 51 51 50 49 49 49 
86 88 90 91 90 90 90 92 98 102 107 112 113 113 111 108 133 137 149 147 139 103 43 16 34 62 69 75 94 88 76 89 91 79 80 90 104 83 42 40 122 131 156 154 141 140 135 135 139 136 132 131 131 131 126 122 118 113 113 120 121 119 122 132 129 175 202 199 194 190 176 165 110 54 68 106 115 113 102 95 97 94 89 85 84 80 75 72 67 66 67 64 62 59 59 58 57 57 57 56 56 55 55 55 54 54 53 53 52 52 51 51 50 50 49 49 
82 85 89 92 93 94 95 97 92 98 107 116 121 121 117 113 106 115 143 154 163 126 48 35 35 74 78 76 88 72 58 79 88 80 95 99 101 76 30 39 121 118 158 160 141 148 141 140 143 139 135 134 133 132 127 123 115 117 121 124 120 118 128 143 163 188 186 171 174 179 166 157 51 54 95 110 116 117 94 102 94 92 87 84 83 79 75 71 67 66 67 65 62 60 60 59 58 58 58 57 57 56 56 56 54 54 54 53 53 52 52 52 50 50 50 49 
79 82 87 91 94 97 100 103 93 97 105 115 123 126 124 121 127 125 147 150 164 126 41 42 40 73 75 65 70 65 66 91 89 85 109 99 95 83 48 76 123 99 151 161 143 155 146 145 145 143 140 136 134 130 125 122 115 122 128 126 125 132 145 156 171 164 168 177 177 175 140 85 35 79 116 113 114 112 93 104 92 90 86 82 82 78 74 70 68 67 67 66 64 62 61 60 59 59 59 58 58 57 57 57 55 54 54 54 53 53 52 52 51 51 50 50 
78 81 86 90 93 98 103 107 103 102 102 108 117 125 130 131 128 120 138 138 161 126 36 53 38 63 72 64 64 69 85 107 106 99 115 81 71 77 59 105 125 81 139 161 146 162 149 153 149 147 146 142 135 128 124 124 122 131 131 127 137 160 172 172 144 155 166 180 185 151 87 37 67 104 121 118 111 103 99 98 91 89 84 81 81 77 73 70 68 68 68 67 65 63 63 62 60 60 59 59 58 58 58 57 55 55 54 54 54 53 53 53 51 51 51 50 
79 82 85 89 92 97 103 108 112 106 100 101 111 123 133 136 136 123 141 140 163 124 25 47 44 66 80 73 63 67 81 95 104 94 105 60 50 70 64 117 126 70 131 159 149 166 150 155 149 152 152 145 135 127 124 125 127 136 133 128 147 183 192 182 125 177 163 152 172 115 40 51 103 115 114 122 109 93 105 92 90 88 84 81 80 77 73 70 69 68 69 67 66 64 64 63 60 60 60 59 59 58 58 58 55 55 55 54 54 53 53 53 51 51 51 50 
78 80 84 86 89 93 98 102 110 116 119 114 108 111 127 141 133 133 127 129 149 156 115 59 25 19 17 23 22 18 26 42 53 52 50 48 45 43 46 53 53 86 131 160 166 159 153 153 156 151 143 138 134 130 129 128 133 130 130 139 161 192 206 195 169 174 198 189 111 32 42 97 119 116 112 108 103 97 92 90 92 90 86 83 83 80 77 74 72 70 69 67 67 65 63 61 63 62 62 61 60 59 58 58 55 55 54 53 52 51 51 50 50 50 50 49 
81 83 85 87 88 92 95 99 104 113 120 121 118 118 126 131 142 145 142 134 138 142 128 104 73 71 71 76 74 69 75 90 67 69 68 68 61 55 55 57 74 101 135 158 164 160 154 155 158 154 146 139 133 131 130 129 130 135 142 141 148 171 190 190 192 180 151 100 54 51 81 101 115 113 111 106 103 98 95 92 93 91 87 84 84 81 77 74 73 70 69 68 67 66 64 61 62 62 61 60 60 59 58 58 55 55 54 53 52 51 51 50 50 50 50 49 
84 86 87 88 88 90 93 97 98 108 119 127 128 127 128 126 134 144 152 148 138 137 142 150 136 136 138 143 138 132 136 148 136 140 142 141 133 121 117 116 124 136 155 167 170 166 159 159 160 156 145 138 134 133 132 133 130 142 153 147 136 144 162 169 180 142 82 33 34 79 112 108 112 111 110 107 104 102 98 98 95 93 89 86 85 82 78 75 74 71 70 69 68 67 65 62 62 62 61 60 59 58 58 57 55 55 54 53 52 51 51 50 50 50 50 49 
85 87 89 89 90 92 95 99 98 104 113 123 130 133 135 133 120 127 145 155 153 149 153 163 176 175 177 179 174 170 174 184 184 188 191 189 179 169 164 167 177 177 180 182 179 174 168 164 159 155 144 138 137 137 138 138 139 147 156 148 133 130 134 133 118 69 36 49 77 100 114 114 110 110 109 108 108 105 104 103 98 95 90 87 87 84 79 76 74 72 71 69 69 67 65 63 62 61 61 60 59 58 57 57 55 55 54 53 52 51 51 50 50 50 50 49 
86 88 90 92 93 97 101 104 104 105 107 113 123 134 143 144 131 127 135 156 168 166 162 161 188 188 189 188 183 182 187 197 204 206 207 203 193 186 187 194 205 200 195 192 188 184 177 171 158 153 144 141 140 142 144 144 151 148 149 149 139 131 118 100 60 33 43 92 116 112 110 117 111 111 110 111 109 108 107 105 100 96 92 88 88 84 80 76 74 72 71 69 69 67 65 63 61 61 60 59 58 57 57 56 55 55 54 53 52 51 51 50 50 50 50 49 
89 91 94 95 97 101 105 109 110 108 107 109 117 130 143 148 155 143 141 153 169 174 171 169 187 190 192 191 187 186 191 197 215 218 217 212 203 198 205 217 207 204 200 198 196 191 184 178 160 156 150 148 148 149 149 149 157 145 142 146 145 136 116 91 58 64 88 113 120 120 120 118 113 113 113 113 112 110 108 107 100 97 92 89 88 84 80 76 74 71 70 69 68 67 65 62 61 60 60 59 58 57 56 56 55 55 54 53 52 51 51 50 50 50 50 49 
95 97 99 100 100 103 106 110 111 113 113 114 117 125 135 140 152 156 160 161 165 175 183 186 184 192 200 200 198 195 196 198 212 216 216 213 203 197 204 216 214 214 213 212 208 200 189 179 170 164 159 158 157 155 153 151 151 141 140 145 141 136 124 111 100 113 126 126 121 127 127 117 116 116 115 114 114 111 110 108 101 97 93 89 88 84 79 75 73 70 69 68 67 66 64 61 60 60 59 58 58 57 56 56 55 55 54 53 52 51 51 50 50 50 50 49 
101 102 103 103 102 102 106 107 111 115 120 122 121 122 126 128 129 153 173 170 162 170 187 199 182 194 207 213 212 209 205 205 227 231 235 230 220 213 219 230 228 229 228 225 215 200 185 173 177 173 169 168 164 160 156 153 145 140 141 145 137 132 134 130 130 128 136 142 137 134 131 122 124 125 123 120 117 112 109 107 100 97 93 89 85 83 79 75 71 70 67 67 67 65 62 61 60 60 59 58 57 56 56 55 55 55 54 53 52 51 51 50 50 50 50 49 
93 97 102 106 110 112 117 120 115 117 121 123 125 129 133 134 127 134 162 164 170 205 161 204 211 215 192 220 238 220 231 226 243 241 248 247 232 238 249 242 237 238 236 226 208 194 183 183 180 180 179 178 176 169 162 157 146 142 138 134 134 136 139 139 138 138 132 145 147 143 154 140 145 138 129 122 117 112 107 107 98 95 91 87 84 82 77 76 75 72 67 65 64 63 61 61 60 60 59 58 57 56 56 55 55 55 54 53 52 51 51 50 49 49 49 49 
86 90 96 102 105 111 117 121 122 125 127 129 131 133 136 138 135 131 149 157 172 191 107 117 118 130 132 189 232 229 240 234 248 248 255 252 240 245 255 250 254 242 227 212 200 194 189 190 199 196 186 176 168 160 153 146 142 142 143 145 146 146 148 147 140 142 137 148 150 149 166 158 175 166 151 136 122 113 105 101 96 94 91 87 84 80 77 73 76 72 67 65 64 63 61 59 59 60 59 58 58 57 56 56 55 55 54 53 53 52 51 51 49 49 49 49 
84 88 94 98 101 105 111 115 124 128 130 134 138 142 146 148 151 141 151 157 171 175 62 54 62 72 88 160 224 239 250 247 248 248 254 252 244 249 255 254 255 241 220 210 210 211 204 200 202 193 180 167 158 150 146 144 145 147 151 154 156 155 153 148 143 147 141 149 147 148 172 170 194 183 162 137 118 110 104 99 99 95 91 87 84 80 77 73 76 73 68 65 65 64 62 62 61 60 60 59 58 57 56 56 56 55 55 54 53 52 51 51 50 50 50 50 
91 93 97 99 98 100 104 107 116 121 127 134 141 149 155 159 161 163 173 170 173 168 56 58 74 69 79 137 206 240 252 255 248 251 254 252 249 253 255 255 249 240 229 228 231 226 216 204 184 176 167 161 158 157 157 157 155 157 157 158 155 151 146 141 139 144 138 144 141 146 176 181 199 185 156 121 103 104 106 102 98 96 92 88 85 81 77 73 77 73 69 66 66 65 63 61 60 61 60 59 58 57 57 56 56 56 55 54 53 52 52 51 50 50 50 50 
93 96 99 101 100 102 105 108 113 118 124 131 139 147 154 158 163 172 185 182 188 181 66 72 83 72 76 112 179 231 245 250 247 252 252 250 252 255 255 255 246 244 242 240 234 226 213 202 178 174 171 169 170 168 168 167 163 161 156 152 148 144 140 139 136 144 137 145 142 150 185 194 201 188 150 107 90 99 108 107 100 98 94 90 86 82 78 74 78 74 70 67 67 66 64 64 62 61 61 60 59 58 57 57 57 56 56 55 54 53 52 52 50 50 50 50 
90 93 98 102 104 108 113 116 117 122 125 131 136 141 146 150 161 168 177 185 207 196 66 57 72 71 82 99 164 236 252 255 248 254 252 248 255 255 255 255 254 252 245 236 224 214 209 202 197 190 186 183 180 176 169 165 161 158 152 148 145 143 143 146 140 148 144 152 151 160 197 203 207 193 151 102 84 99 111 109 103 101 96 92 88 83 79 75 79 75 71 68 68 67 65 63 61 62 61 60 59 58 58 57 57 57 56 55 54 53 53 52 51 51 51 51 
89 93 99 103 105 110 115 119 121 125 128 133 137 141 145 149 159 166 174 183 211 202 65 55 75 82 95 89 147 236 255 255 249 252 250 246 255 255 252 255 254 251 245 236 228 222 219 214 207 200 194 189 184 178 170 166 162 161 157 154 152 151 151 152 150 156 151 161 162 169 201 203 203 193 154 103 87 106 115 109 105 103 99 94 90 85 81 77 80 76 72 69 69 67 65 65 62 62 61 60 60 59 58 58 57 57 56 55 55 54 53 53 51 51 51 51 
94 97 101 104 104 107 111 114 120 124 129 134 140 146 151 155 159 173 180 183 205 197 70 73 89 96 101 74 124 221 250 255 250 251 250 244 254 255 249 254 246 245 244 245 244 240 235 228 205 197 191 185 181 179 176 172 170 167 166 164 161 157 155 154 157 160 155 165 166 172 201 199 192 186 151 105 91 110 119 110 106 104 100 95 91 86 81 77 80 76 72 69 69 68 66 64 62 62 62 61 60 59 58 58 58 57 57 56 55 54 53 53 51 51 51 51 
96 98 101 104 104 108 114 118 125 128 131 136 141 147 154 159 163 173 185 190 208 199 72 69 87 84 86 85 74 116 198 217 238 251 243 252 254 243 250 252 252 255 253 249 238 228 231 210 212 216 200 194 205 201 189 183 178 189 182 185 152 196 174 165 160 160 172 184 183 173 184 204 180 175 157 101 85 111 111 110 105 103 100 95 92 88 84 81 79 75 70 68 67 66 64 64 63 62 62 61 60 59 58 58 56 56 55 54 53 53 52 52 51 51 51 50 
96 99 102 104 105 109 115 119 122 126 129 135 141 148 155 160 162 172 182 187 204 197 73 71 78 101 98 77 78 119 141 101 32 105 120 126 140 142 158 149 143 156 144 128 119 124 148 158 160 140 157 158 164 153 127 170 185 196 153 71 113 165 162 189 186 188 189 185 183 185 192 197 182 178 160 103 86 114 114 113 106 104 101 96 93 89 85 81 78 74 70 67 67 66 64 62 61 62 61 60 60 59 58 58 56 56 55 54 53 52 52 51 51 51 51 50 
97 100 103 105 106 110 116 120 123 127 131 137 143 151 158 163 169 178 187 191 209 204 83 82 90 115 107 82 95 117 87 33 56 121 127 100 89 99 130 138 131 147 137 121 128 138 153 175 172 143 177 162 153 141 99 160 180 190 169 34 97 158 175 198 201 204 195 182 183 196 199 191 185 182 164 107 87 115 116 114 107 105 101 97 93 89 85 81 77 74 69 66 66 65 63 63 62 62 61 60 59 58 58 57 56 56 55 54 53 52 51 51 51 51 50 50 
98 100 103 106 106 110 116 120 126 130 133 139 144 151 158 162 163 173 184 189 208 203 81 80 87 90 80 67 79 66 37 45 104 128 118 85 67 79 122 158 144 139 111 86 111 138 142 166 157 155 171 157 158 160 141 172 179 170 201 85 77 169 206 193 196 188 181 179 187 196 198 194 189 190 170 108 85 113 114 111 106 104 100 95 91 87 83 79 77 73 68 66 65 64 62 60 61 61 61 60 59 58 57 57 55 55 54 53 53 52 51 51 50 50 50 49 
97 99 102 105 105 110 115 119 124 127 130 134 139 145 151 153 149 159 173 179 200 193 68 68 103 105 100 71 65 53 52 118 120 134 129 96 89 117 142 159 131 133 137 122 142 156 132 141 165 173 146 164 178 159 169 171 194 163 168 105 44 166 208 195 192 173 171 187 196 191 191 202 193 196 176 110 84 111 111 106 105 103 99 94 90 85 80 77 77 73 68 66 65 64 62 62 61 61 60 59 58 57 57 56 55 55 54 53 52 51 50 50 50 50 49 49 
95 97 100 103 103 107 113 117 117 121 123 128 133 139 145 147 154 162 175 183 203 197 73 72 86 111 110 38 19 50 68 126 133 153 144 78 73 133 143 124 138 135 157 132 126 147 140 161 190 182 133 186 200 140 162 168 202 174 125 111 75 157 178 198 203 180 180 202 205 189 192 210 199 202 182 113 85 113 113 107 106 104 100 95 90 85 81 77 77 74 69 66 66 65 63 61 60 60 60 59 58 57 56 56 54 54 53 53 52 51 50 50 50 49 49 49 
92 95 98 100 101 105 111 115 115 119 123 129 136 144 151 154 163 169 176 181 202 198 81 83 102 122 117 22 14 91 109 134 137 150 141 64 58 135 151 136 129 116 161 140 118 142 136 146 158 150 131 184 196 141 151 176 195 180 133 147 148 135 161 199 214 202 202 210 206 195 201 220 201 207 189 118 89 119 121 115 110 108 103 98 94 88 84 80 78 74 70 67 67 66 64 64 60 60 59 58 58 57 56 56 54 54 53 52 51 50 50 49 49 49 49 48 
91 93 96 99 99 104 109 112 117 120 127 135 144 153 162 165 160 161 163 163 184 183 71 78 106 101 87 3 9 109 126 132 148 146 146 87 71 124 137 142 149 106 139 116 93 134 134 136 160 167 178 190 185 153 138 162 190 170 157 178 183 95 164 206 215 219 217 207 197 197 210 223 200 209 192 121 96 125 128 120 114 112 106 101 97 92 87 83 79 75 70 68 67 66 64 64 60 60 59 58 57 56 56 55 54 54 53 52 51 50 49 49 49 49 48 48 
85 89 94 99 104 109 113 117 130 131 135 137 139 140 143 145 149 151 159 173 198 184 62 78 63 80 30 6 37 112 140 142 129 126 122 113 76 83 136 138 151 119 121 150 102 108 127 147 168 153 161 166 147 145 158 155 184 202 176 210 182 81 121 213 209 223 193 188 198 188 201 219 198 184 189 111 104 120 124 125 120 116 110 106 100 95 90 85 86 82 78 74 74 73 70 69 63 63 62 61 60 59 59 58 56 55 55 54 53 52 51 51 50 52 52 52 
93 97 101 104 107 111 114 117 117 120 123 127 131 137 144 148 150 156 169 169 174 164 62 81 70 88 53 22 67 123 133 130 137 123 130 128 97 85 111 141 149 141 127 158 125 129 147 150 150 153 161 164 168 180 178 159 174 175 167 203 151 70 134 213 221 207 178 182 182 176 182 170 206 191 193 110 102 118 119 119 114 112 107 102 99 93 88 85 85 81 77 74 74 73 71 69 64 64 63 62 61 60 60 59 57 57 56 55 54 53 52 52 51 53 53 53 
98 101 104 106 106 107 110 112 111 114 118 123 129 137 146 152 153 151 166 161 156 164 73 79 51 74 62 57 103 140 139 135 135 109 126 123 107 86 77 137 137 156 114 155 144 137 153 143 155 180 187 187 205 207 166 122 174 203 213 181 66 33 155 229 224 199 179 192 194 203 223 204 216 197 194 107 98 115 114 112 109 107 103 98 96 92 88 84 84 80 77 73 74 72 71 69 65 65 64 63 63 62 61 61 58 58 57 57 56 55 54 55 54 54 54 54 
92 94 98 100 99 101 103 106 112 117 122 128 133 139 146 149 149 135 150 153 159 182 86 63 39 59 64 79 122 142 134 133 137 113 132 119 124 112 72 134 137 160 95 150 157 131 147 140 165 187 183 181 201 190 138 101 160 202 196 134 75 124 219 218 232 226 208 215 213 207 220 214 214 196 190 100 91 111 110 106 103 102 98 94 93 88 85 82 82 79 75 72 73 72 70 68 66 66 65 64 63 62 62 61 60 59 59 58 57 56 55 55 53 55 55 55 
84 88 92 95 97 101 103 106 114 120 126 132 135 136 137 137 140 133 153 158 166 188 82 48 51 67 76 96 125 134 124 122 127 122 141 120 139 137 74 102 160 171 98 162 174 137 151 158 166 170 157 160 180 168 140 136 181 200 146 77 93 182 246 234 227 237 202 198 219 199 187 193 202 188 185 96 88 109 108 103 99 98 94 90 89 86 83 79 80 76 73 70 71 70 69 67 66 65 65 64 63 62 61 61 60 59 59 58 57 56 55 56 56 56 56 56 
84 87 92 96 100 104 107 110 112 117 122 126 128 127 127 126 134 141 166 169 170 174 63 44 50 66 84 109 135 142 133 130 116 129 143 127 146 144 81 70 156 155 97 152 157 132 140 154 159 161 164 176 183 163 140 136 190 194 152 129 171 207 219 238 245 238 169 158 208 204 192 208 185 179 184 95 86 107 108 102 97 96 92 88 87 83 79 76 77 73 70 68 69 68 67 65 64 64 63 62 61 60 60 59 58 58 57 57 56 55 54 54 54 56 56 56 
86 90 94 98 100 104 107 110 110 113 116 119 119 122 126 130 142 152 164 164 176 173 54 50 54 74 98 125 144 146 131 119 108 124 125 122 132 127 97 76 159 162 132 161 155 161 160 165 176 184 201 210 202 187 164 136 180 147 112 130 195 211 193 215 224 209 149 149 194 199 192 194 173 175 187 99 88 107 108 101 97 95 91 87 85 81 77 73 74 71 68 65 67 66 65 64 62 62 61 60 59 58 58 57 57 57 56 55 54 53 52 53 55 55 55 55 
86 89 93 97 98 101 103 107 110 111 111 113 115 123 132 139 154 152 146 149 185 185 56 53 80 100 122 138 142 130 102 77 65 71 57 64 67 62 70 58 61 73 64 71 57 90 83 75 74 77 88 81 70 86 85 49 58 63 76 86 98 82 64 94 94 106 115 159 197 196 186 168 167 175 192 104 90 107 106 101 97 95 91 86 84 79 75 72 73 69 66 64 65 65 64 63 61 60 60 59 58 57 56 56 56 55 55 54 53 52 51 51 53 55 55 55 
90 92 95 98 100 100 99 99 105 107 109 114 119 129 138 142 129 149 153 164 195 162 29 64 89 111 134 146 118 54 19 38 57 65 63 71 65 61 76 66 66 64 63 65 67 65 59 53 59 58 57 56 56 56 58 58 58 57 55 53 52 53 54 55 55 38 55 52 123 212 183 170 200 195 199 107 95 111 108 101 99 97 92 87 84 80 75 71 73 69 66 63 64 62 61 59 58 58 58 58 57 57 57 57 54 53 53 53 52 52 51 52 52 52 52 52 
89 90 93 95 97 98 98 99 100 107 113 119 122 125 130 134 136 150 161 158 164 153 42 57 89 112 141 129 73 40 60 88 120 126 121 129 124 118 133 127 124 117 110 112 118 119 112 104 107 106 105 104 103 104 105 106 105 104 103 102 101 101 102 102 102 94 94 72 92 152 171 179 206 205 212 118 98 112 115 117 100 98 93 88 86 80 76 73 73 69 66 63 64 63 62 60 58 58 57 57 57 56 56 56 53 53 52 52 51 51 51 50 50 52 52 52 
88 88 89 91 93 96 98 99 98 107 117 123 123 122 124 126 143 149 165 151 139 152 64 62 96 120 147 116 56 66 125 148 169 171 160 167 165 156 171 169 168 155 144 143 151 155 150 142 141 140 138 136 136 136 137 137 135 135 135 136 135 134 133 135 133 135 129 117 98 127 191 203 214 204 204 109 90 103 103 100 102 100 95 90 88 84 79 75 74 70 67 64 65 63 62 60 58 57 57 56 56 55 55 55 52 52 51 51 50 50 50 50 51 51 51 51 
86 86 86 87 90 94 96 99 101 109 116 120 118 120 126 131 144 142 151 141 141 156 71 81 97 129 138 101 76 113 160 170 177 175 158 166 167 155 167 173 173 163 151 147 150 154 153 151 145 143 141 139 138 138 138 139 135 136 138 139 139 137 136 136 134 142 133 155 127 132 208 197 213 193 187 101 99 117 111 103 103 101 96 92 89 85 80 77 75 71 67 65 65 64 63 61 58 57 57 56 55 54 54 53 51 51 50 50 49 49 48 48 49 51 51 51 
86 85 86 87 88 92 95 98 108 111 113 113 112 120 132 142 139 132 128 132 157 158 60 93 98 145 129 83 93 131 152 166 179 176 154 163 168 152 162 174 170 167 160 151 146 147 152 158 149 147 145 142 141 140 140 140 136 138 140 141 141 140 138 137 135 141 126 156 130 123 199 185 185 170 174 98 95 114 115 111 102 101 96 92 90 86 82 78 76 72 68 66 66 65 64 62 58 58 57 56 55 54 53 53 50 50 50 49 49 48 48 49 51 51 51 51 
84 84 86 88 90 93 95 97 108 108 107 108 112 122 135 142 131 121 114 126 159 156 52 91 106 156 132 83 102 133 147 174 176 171 146 158 168 147 154 172 162 163 160 151 141 138 145 153 147 145 143 140 138 136 136 136 134 135 136 136 137 137 136 137 132 143 124 143 126 126 205 210 181 180 193 111 90 95 99 105 101 99 95 91 89 85 81 78 76 73 69 66 67 66 65 63 59 59 58 57 55 54 53 53 50 50 50 49 49 48 48 48 48 50 50 50 
82 84 87 91 94 97 97 97 101 102 103 110 119 127 131 128 122 111 119 129 147 162 75 93 98 128 111 86 105 135 152 171 168 165 138 153 166 142 146 168 158 159 157 150 142 138 140 144 146 144 141 138 135 133 133 133 132 132 132 132 132 133 135 133 129 140 127 138 138 142 187 193 173 170 186 113 100 106 104 106 99 98 94 90 88 85 81 78 77 74 70 67 68 67 66 64 61 60 59 58 56 55 54 53 51 51 50 50 49 49 49 49 50 50 50 50 
81 84 88 92 96 96 97 96 94 95 103 115 126 129 123 113 116 105 133 137 136 171 105 97 65 68 64 68 95 136 152 149 168 163 135 151 164 137 139 164 159 159 156 152 148 142 139 138 148 146 142 139 136 135 134 134 135 134 132 132 132 134 136 138 132 139 127 133 144 136 127 111 97 85 103 58 83 111 106 99 100 98 95 91 87 84 80 77 77 74 70 68 68 67 66 64 62 61 60 58 57 55 54 53 51 51 51 50 50 49 49 49 48 50 50 50 
80 81 83 86 88 89 91 91 93 101 112 114 112 110 110 111 111 119 131 140 151 149 120 89 48 46 53 73 102 131 148 157 168 155 137 141 148 138 131 140 160 151 151 155 149 140 133 129 132 143 148 143 135 132 132 131 134 133 131 130 130 131 133 133 128 136 134 126 127 129 109 81 53 56 43 68 97 104 107 100 100 99 94 91 87 83 80 77 76 74 73 69 66 64 65 64 60 60 59 58 57 56 56 55 54 54 53 52 51 50 49 50 52 52 51 51 
83 83 84 85 86 88 89 90 97 104 109 111 108 105 104 106 114 123 130 136 144 144 124 100 84 82 82 93 112 132 146 155 166 152 136 137 143 132 125 136 162 150 144 142 135 131 134 136 133 141 144 140 135 133 132 130 132 131 130 130 130 130 131 131 129 132 132 128 129 130 117 100 81 92 83 97 110 102 105 100 102 100 95 91 89 85 80 76 76 74 72 69 66 64 64 64 60 60 59 58 57 56 55 55 54 54 53 52 51 50 49 49 50 52 51 51 
85 85 82 83 85 87 89 91 102 106 108 107 101 99 100 103 119 126 130 132 135 139 130 118 124 122 118 119 124 133 143 152 159 146 131 132 138 130 123 132 154 151 159 161 151 142 139 134 130 134 136 134 133 133 130 125 125 126 127 127 127 127 126 126 128 129 128 132 133 133 132 134 133 146 131 129 124 106 104 100 101 100 95 90 89 85 80 76 75 73 72 68 65 63 64 63 60 59 59 58 57 56 55 55 54 54 53 52 51 50 49 50 52 52 51 51 
82 81 80 81 84 88 91 94 102 102 102 99 95 95 99 102 120 127 131 130 129 132 130 125 130 130 128 126 125 130 140 150 152 141 126 128 136 130 123 130 148 151 162 163 150 140 135 127 128 128 129 129 131 132 129 122 121 122 124 125 125 124 122 124 130 126 127 134 135 133 143 158 181 181 146 130 124 109 106 97 101 99 94 90 88 84 79 76 74 72 71 67 64 63 63 62 59 59 58 57 56 55 55 54 54 54 53 52 51 50 49 49 50 52 51 51 
76 77 79 82 84 89 94 97 97 96 94 92 93 97 101 105 119 125 130 130 127 125 123 122 121 123 122 121 121 126 137 148 147 139 125 126 134 130 125 131 151 147 143 133 119 119 128 124 125 125 127 128 131 133 130 125 121 123 124 126 126 124 123 124 133 130 130 134 133 132 148 171 208 187 130 108 111 111 110 96 100 99 94 90 88 84 79 75 73 71 70 66 63 62 62 61 59 58 58 57 56 55 54 54 54 54 53 52 51 50 49 50 52 52 51 51 
73 75 78 83 85 90 93 95 91 89 87 87 91 98 103 108 116 121 126 126 122 118 114 115 117 118 117 117 118 123 132 141 142 134 122 123 132 130 126 131 146 145 145 138 126 127 129 117 124 123 127 128 130 133 132 128 124 124 125 125 125 125 124 128 137 135 134 134 132 134 151 171 205 176 108 84 97 108 112 95 100 98 93 89 88 83 78 75 72 70 69 65 62 61 61 61 58 58 57 56 55 54 54 53 54 54 53 52 51 50 49 49 50 52 51 51 
74 77 80 85 88 90 88 88 87 85 84 86 91 99 106 110 114 116 118 120 116 112 110 111 116 116 114 115 116 122 129 136 134 131 119 119 130 131 126 129 139 147 159 161 154 151 141 117 123 128 135 135 134 137 138 138 133 132 131 131 131 131 132 135 140 142 138 135 135 140 156 170 186 166 107 82 92 102 110 98 100 98 93 89 87 83 78 74 71 69 68 65 62 60 60 60 58 58 57 56 55 54 53 53 54 54 53 52 51 50 49 50 52 52 51 51 
76 79 83 87 89 88 84 82 86 84 83 85 91 99 105 109 113 111 111 113 112 110 108 111 112 110 109 111 114 121 128 133 130 128 117 116 128 129 124 127 142 147 152 152 151 155 150 130 126 132 141 140 138 140 144 145 140 138 137 135 135 137 138 143 143 148 143 138 138 148 161 169 170 163 114 91 92 97 107 100 99 98 93 89 87 83 78 74 71 69 68 64 61 60 60 60 58 57 57 56 55 54 53 53 54 54 53 52 51 50 49 49 50 52 51 51 
83 84 84 86 86 86 84 83 77 80 83 89 93 99 104 106 114 112 109 107 106 108 109 111 107 107 106 109 113 120 126 130 131 123 115 117 123 126 127 132 146 132 122 149 181 168 162 191 158 145 173 160 150 162 150 162 160 144 148 114 126 178 168 167 163 164 174 166 150 170 190 176 179 162 140 71 84 103 112 103 99 98 93 88 87 83 78 74 72 69 66 63 62 61 60 58 58 57 57 56 55 54 53 53 51 51 51 50 50 50 49 50 51 51 51 51 
83 84 83 84 84 84 82 81 78 80 84 89 94 99 103 105 109 108 105 103 102 104 105 107 105 105 104 107 112 118 125 129 131 121 114 118 123 125 128 133 124 150 161 168 178 167 163 184 143 138 170 164 157 170 164 177 163 156 104 108 180 213 201 192 186 188 197 198 182 165 167 178 186 172 152 80 88 102 109 101 99 98 93 88 87 83 78 74 72 68 66 63 62 61 60 58 57 57 56 55 55 54 53 53 51 51 51 50 50 49 49 49 49 51 51 51 
82 82 83 83 81 80 79 79 81 83 85 90 95 99 101 103 103 102 100 98 98 100 101 103 101 102 102 105 110 117 123 126 129 121 113 117 122 124 127 133 133 178 192 173 163 157 151 156 173 174 195 184 169 175 173 181 204 170 102 158 238 234 220 183 174 196 207 205 194 178 175 191 179 173 161 87 89 103 108 102 100 97 92 88 86 82 77 74 72 68 66 63 62 61 59 58 57 57 56 55 54 53 53 52 51 51 50 50 49 49 49 49 50 50 50 50 
80 80 80 80 78 77 76 76 81 83 85 90 94 97 99 100 98 97 96 95 95 97 97 99 97 98 99 102 108 114 119 122 126 118 110 115 121 125 128 132 146 175 177 156 151 159 159 159 179 182 194 186 178 190 203 209 189 121 126 229 254 227 219 191 163 199 214 191 172 185 193 179 166 168 163 89 89 101 107 100 98 97 92 88 86 82 77 73 71 68 65 62 61 60 59 57 57 56 56 55 54 53 52 52 50 50 50 49 49 49 48 48 48 50 50 50 
79 79 77 77 77 77 75 75 81 83 87 92 93 95 96 96 96 96 95 95 94 95 95 96 95 96 98 102 106 111 116 121 124 115 108 112 119 124 128 133 134 146 152 153 159 171 185 198 178 182 177 172 169 183 203 200 151 101 173 255 241 180 157 197 195 205 217 196 166 175 176 139 168 175 169 92 89 100 107 101 99 96 91 87 85 81 76 73 71 67 65 62 61 60 59 57 56 56 55 54 53 52 52 51 50 50 49 49 49 48 48 49 49 49 49 49 
76 76 74 74 75 76 75 76 80 83 87 91 91 92 92 92 92 92 92 93 92 93 93 94 92 94 96 101 104 109 113 118 121 113 105 111 119 123 127 131 137 146 161 171 169 169 184 203 190 191 173 172 174 181 192 169 130 153 225 249 228 153 111 213 222 197 191 200 195 180 162 142 185 190 181 97 90 101 107 98 98 96 91 87 85 81 76 72 70 67 64 61 60 59 58 56 56 55 55 54 53 52 51 51 50 49 49 49 48 48 47 47 47 49 49 49 
74 73 73 73 74 76 78 80 80 83 86 90 92 92 89 88 88 88 89 90 91 92 90 91 90 92 95 100 105 110 114 116 118 111 105 110 118 122 124 131 157 157 163 170 170 174 178 178 171 181 168 188 205 210 211 165 100 194 242 238 232 183 162 231 231 203 156 167 217 205 170 179 194 197 183 96 89 101 108 98 98 95 90 86 85 80 75 72 70 66 64 61 60 59 58 56 55 55 54 53 53 52 51 51 49 49 49 48 48 47 47 48 48 48 48 48 
72 72 72 72 73 76 79 81 80 82 86 89 91 91 89 88 84 85 86 87 88 89 88 88 90 92 95 100 105 110 113 116 118 110 105 110 119 123 126 131 161 149 139 146 170 198 196 170 174 185 173 200 217 210 193 129 98 217 249 239 220 195 202 188 242 234 144 122 211 220 173 192 190 193 177 89 84 101 110 100 97 94 89 86 83 80 75 72 70 66 64 61 60 60 58 56 55 55 54 53 52 51 51 50 49 49 48 48 48 47 47 48 48 48 48 48 
69 69 69 70 72 76 79 81 83 85 88 90 90 86 84 82 83 84 84 85 85 86 87 87 84 88 92 96 100 104 108 113 118 113 110 112 119 125 131 136 159 172 151 170 209 206 194 182 189 205 200 221 210 191 173 92 159 232 242 203 211 228 183 125 214 223 133 98 209 202 180 199 211 180 182 104 88 104 107 97 96 93 88 84 80 77 74 70 67 65 65 62 60 60 59 59 56 58 57 56 55 54 54 53 52 52 51 51 50 50 50 49 47 47 47 47 
68 68 69 70 72 76 79 80 82 84 87 89 89 87 85 83 83 83 84 85 85 85 86 87 84 88 92 96 99 104 108 112 116 112 109 112 119 126 132 137 171 178 172 183 177 169 189 188 246 193 202 231 223 132 55 118 235 251 216 187 197 179 166 200 195 170 131 114 159 163 193 188 184 161 169 95 83 103 107 100 93 92 87 83 80 76 72 70 67 65 64 62 61 59 59 59 58 58 57 56 55 54 53 53 52 52 51 51 50 50 49 49 47 47 47 47 
67 68 69 70 73 75 78 80 82 83 85 86 86 85 83 81 81 82 82 83 83 84 85 85 83 87 91 95 98 103 107 111 111 109 107 110 118 126 132 137 152 146 153 167 138 133 173 183 183 194 209 208 196 103 51 175 226 236 210 209 217 161 146 226 225 159 160 141 92 101 199 186 164 148 162 92 84 102 105 100 93 91 86 82 80 76 73 70 67 67 65 62 61 59 59 59 58 57 57 56 55 54 53 53 51 51 51 50 50 50 49 49 47 47 47 47 
66 67 68 70 73 75 77 78 81 82 83 84 83 82 80 79 80 80 81 81 81 82 83 83 82 85 89 93 97 101 105 109 107 104 102 107 116 125 130 136 160 151 149 169 159 147 166 169 143 177 179 208 153 36 99 246 254 227 175 189 239 233 215 243 201 151 186 178 104 94 197 188 161 151 164 94 87 101 100 98 93 91 86 82 79 75 71 69 66 64 64 61 60 59 58 58 57 57 56 55 54 53 53 52 51 51 50 50 49 49 49 49 47 47 47 47 
65 66 68 71 73 75 77 77 80 80 81 81 80 79 78 77 78 78 79 80 80 80 81 81 80 84 88 92 96 100 104 107 103 103 101 105 114 122 128 131 169 169 147 161 175 155 147 152 160 189 193 172 77 46 162 238 234 188 162 177 201 218 231 237 200 160 158 145 122 116 197 208 161 153 164 92 90 102 97 97 92 91 86 81 79 76 73 69 66 66 64 61 60 58 58 58 57 56 56 55 54 53 52 52 50 50 50 50 49 49 48 48 47 47 47 47 
64 65 68 71 73 75 76 76 79 79 78 78 77 76 75 74 76 76 77 78 78 79 79 80 79 82 86 91 94 98 102 106 103 100 99 104 112 119 123 127 108 134 127 151 183 168 151 152 177 171 181 80 21 139 236 250 205 149 152 196 210 209 200 175 180 155 134 127 151 141 172 169 160 151 156 82 87 103 96 98 92 90 85 81 78 74 70 68 65 64 63 61 59 58 57 57 56 56 55 54 53 52 52 51 50 50 49 49 49 48 48 48 47 47 47 47 
63 65 68 71 73 75 75 75 78 78 77 76 75 74 73 73 74 75 76 76 76 77 78 78 78 81 85 90 93 97 101 105 101 99 98 103 109 116 119 122 86 78 42 51 93 132 168 173 212 152 126 70 30 28 5 9 22 4 13 29 17 7 15 23 30 12 15 21 59 95 177 188 167 155 151 76 87 103 96 99 91 90 85 81 78 75 72 68 65 65 63 60 59 57 57 57 56 56 55 54 53 52 51 51 50 50 49 49 48 48 47 47 47 47 47 47 
63 65 68 71 74 75 75 75 78 77 76 75 73 73 72 72 74 74 75 76 76 77 77 78 77 81 85 89 93 97 101 105 101 99 98 101 108 113 116 119 114 99 90 123 161 201 211 161 165 153 52 25 55 49 61 65 55 62 55 46 54 61 56 54 65 50 74 60 35 60 167 172 177 162 153 75 88 105 96 98 91 90 85 80 78 74 70 68 65 63 62 60 59 57 57 57 56 55 55 54 53 52 51 51 50 49 49 49 48 48 47 47 47 47 47 47 
66 67 68 70 71 73 74 75 73 73 73 72 71 71 70 70 71 72 73 72 71 72 75 78 76 79 83 87 90 93 97 101 106 99 95 100 106 113 121 130 136 132 144 176 199 200 192 189 109 35 29 73 87 98 115 109 105 105 104 104 105 105 105 109 110 113 116 116 103 96 122 157 154 149 117 67 72 102 98 105 91 89 84 79 76 73 69 65 65 63 60 58 58 57 56 54 53 53 53 52 52 51 51 51 51 50 50 50 49 49 48 48 46 46 46 46 
66 67 68 69 71 72 73 74 73 72 72 71 71 70 70 70 71 72 72 72 70 71 74 77 75 79 82 86 89 93 97 100 102 96 94 100 107 113 122 131 144 143 165 188 196 208 191 138 28 31 76 118 123 128 136 130 126 124 124 124 124 126 127 129 135 136 135 135 127 118 126 140 182 165 131 85 87 105 86 84 91 89 84 79 76 71 67 65 65 61 59 58 58 57 56 54 53 53 52 52 52 51 51 51 50 50 50 50 49 49 48 48 46 46 46 46 
66 67 67 69 70 71 72 73 71 71 71 70 70 70 69 69 70 71 71 71 69 70 73 76 75 78 82 86 89 92 96 100 99 95 94 101 109 114 122 132 141 147 180 194 187 207 173 75 29 78 124 136 132 139 141 136 128 128 128 128 129 129 129 134 141 140 137 138 139 132 118 106 95 80 67 54 77 104 91 92 91 89 83 79 76 72 69 65 64 63 60 57 58 57 55 54 53 52 52 52 51 51 50 50 50 50 50 49 49 48 48 48 46 46 46 46 
66 66 67 68 69 70 71 71 69 69 69 69 69 69 68 68 68 69 70 69 68 69 72 75 74 77 81 85 88 92 95 99 98 95 95 102 108 113 122 131 145 164 192 197 193 199 147 51 82 120 134 124 131 137 129 127 121 119 119 120 121 122 121 124 128 130 126 129 135 134 115 94 63 50 54 59 82 103 92 96 90 88 83 78 75 71 66 64 64 60 58 57 57 56 55 53 52 52 52 51 51 50 50 50 50 50 49 49 48 48 47 47 46 46 46 46 
65 66 66 67 68 69 69 70 67 67 67 67 67 67 68 68 67 68 69 68 66 67 70 73 73 76 80 84 87 91 94 98 100 99 99 103 107 112 121 133 162 192 201 199 205 186 123 64 99 122 127 129 150 146 128 130 125 124 124 124 125 126 127 129 128 131 131 129 134 134 126 114 105 93 101 98 98 102 86 92 90 88 82 78 75 71 68 64 63 62 59 56 57 56 54 53 52 52 51 51 50 50 49 49 49 49 49 48 48 47 47 47 46 46 46 46 
65 65 66 66 67 67 68 68 65 65 65 66 66 66 67 67 65 67 67 67 65 66 69 72 72 75 79 83 86 90 93 98 101 99 99 103 107 112 123 138 167 195 192 185 193 164 105 72 116 130 135 136 144 136 130 144 128 127 128 129 129 130 131 130 130 131 129 127 124 126 132 139 141 131 140 125 105 103 90 93 88 87 82 77 74 70 65 63 63 59 57 56 56 56 54 52 51 51 51 50 50 49 49 49 49 49 48 48 47 47 47 46 46 46 46 46 
65 65 65 66 66 67 67 67 63 64 64 65 65 66 66 66 64 66 66 66 64 65 68 71 71 75 78 82 85 89 93 97 100 100 99 102 106 113 129 146 161 182 179 170 174 163 123 83 137 145 148 135 127 128 135 140 129 129 129 130 130 130 131 131 129 123 123 124 121 123 142 165 182 171 172 141 108 103 91 88 89 87 82 77 74 70 67 63 63 61 58 56 56 55 54 52 51 51 50 50 49 49 49 49 48 48 48 47 47 47 46 46 46 46 46 46 
65 65 65 65 66 66 66 66 63 63 63 64 65 65 66 66 66 65 66 65 64 64 67 70 71 74 79 82 85 89 93 96 93 93 94 99 105 117 136 154 163 175 182 174 169 184 164 104 124 137 151 141 134 146 147 128 137 137 137 136 137 137 138 136 134 125 127 135 136 139 164 196 170 157 158 126 96 102 94 88 89 87 81 77 74 69 65 63 62 59 57 55 56 55 53 52 51 51 50 50 49 49 49 48 48 48 48 47 47 46 46 46 46 46 46 46 
66 66 66 65 65 64 64 64 63 63 63 64 64 65 65 65 66 64 64 64 66 66 68 70 71 75 79 80 83 86 91 92 87 82 91 93 108 120 132 176 150 111 177 185 192 192 194 182 142 133 136 144 143 135 139 151 146 141 143 140 128 129 141 149 130 126 131 130 132 161 187 189 153 137 157 101 94 100 98 96 92 87 81 75 72 69 67 64 60 60 58 55 54 52 52 52 52 52 51 50 49 48 47 47 47 47 47 47 47 47 47 47 44 44 44 44 
66 66 65 65 64 64 64 63 62 63 63 63 64 64 65 65 65 65 64 64 66 68 68 69 71 74 79 82 83 86 90 90 84 78 89 92 108 121 131 175 102 107 203 199 183 184 203 200 184 181 176 177 177 155 136 141 148 145 148 139 126 140 152 136 140 144 158 165 168 181 188 171 140 134 158 94 89 101 104 99 92 87 81 75 72 68 65 64 60 58 57 55 53 52 51 51 52 51 51 50 49 48 47 47 47 47 47 47 47 47 47 47 44 44 44 44 
65 65 64 64 63 63 63 62 62 62 62 63 63 64 64 64 64 64 63 63 65 67 67 69 70 74 78 81 82 85 90 89 85 80 90 92 109 123 131 175 104 112 197 167 130 141 181 189 184 207 207 204 205 172 145 163 193 175 168 148 134 173 199 168 123 141 170 184 184 185 170 143 128 134 159 86 81 101 105 102 92 87 80 75 72 69 67 64 59 59 58 54 53 52 51 51 51 51 50 49 48 48 47 47 46 46 46 46 46 46 46 46 44 44 44 44 
63 63 63 62 62 62 61 61 61 61 61 62 62 63 63 63 64 63 62 63 64 66 66 68 69 73 77 80 81 84 89 90 87 82 92 94 110 121 129 172 142 114 175 152 129 145 179 179 165 211 219 209 208 171 151 188 198 170 170 166 154 186 208 173 104 142 183 192 183 175 158 138 133 145 164 81 77 102 105 101 91 86 80 74 71 67 64 63 59 57 56 54 53 51 51 51 51 51 50 49 48 47 46 46 46 46 46 46 46 46 46 46 43 43 43 43 
62 62 61 61 61 60 60 60 60 60 60 61 61 62 62 62 63 62 61 62 63 65 65 67 69 72 76 79 80 83 88 89 87 84 94 96 110 120 127 168 144 100 181 205 205 206 214 198 184 225 223 211 215 184 161 192 175 157 184 214 204 200 194 159 126 174 209 200 177 163 156 151 149 158 166 77 76 103 103 98 91 86 79 74 71 68 66 63 58 59 57 54 52 51 50 50 50 50 49 48 48 47 46 46 46 46 46 46 46 46 46 46 43 43 43 43 
61 60 60 60 59 59 58 58 59 59 59 60 60 61 61 61 62 61 60 61 62 64 65 66 68 71 75 79 79 82 87 88 86 84 95 97 110 118 124 165 122 83 188 231 224 208 210 193 202 222 214 213 234 218 189 193 165 160 189 220 211 189 176 165 159 200 215 189 162 151 148 149 165 164 159 68 77 105 100 97 90 85 79 73 70 66 63 62 58 56 55 53 52 50 50 50 50 50 49 48 47 46 45 45 45 45 45 45 45 45 45 45 43 43 43 43 
60 59 59 59 58 58 57 57 58 58 59 59 60 60 60 61 61 61 60 60 61 64 64 65 67 70 75 78 78 82 86 88 87 86 95 97 110 118 121 161 104 79 189 215 190 178 186 167 196 211 215 223 235 222 191 176 147 161 170 169 160 145 144 155 171 196 190 162 156 159 152 148 170 157 140 55 77 104 98 97 90 85 79 73 70 67 65 62 58 58 56 53 51 50 49 49 50 49 49 48 47 46 45 45 45 45 45 45 45 45 45 45 42 42 42 42 
59 59 59 58 58 57 57 57 58 58 58 59 59 60 60 60 61 60 59 60 61 63 64 65 67 70 74 78 78 81 86 88 87 86 96 96 109 117 119 158 88 79 197 216 190 187 193 162 192 212 231 231 212 182 152 132 131 169 174 152 143 131 128 143 172 184 168 149 168 186 174 160 169 147 124 45 76 105 98 99 90 85 78 73 70 66 63 62 57 56 55 53 51 50 49 49 49 49 48 48 47 46 45 45 45 45 45 45 45 45 45 45 42 42 42 42 
56 56 56 56 56 56 56 56 58 58 58 58 58 58 58 58 59 59 58 58 60 62 62 64 65 67 70 74 76 80 83 84 87 88 91 99 111 117 121 122 102 78 199 223 201 200 151 186 185 217 234 227 202 160 132 136 158 194 188 182 209 198 160 157 190 193 185 180 182 180 175 176 178 161 98 43 88 98 97 97 91 87 81 76 72 68 64 60 57 57 56 52 51 50 49 49 49 49 48 47 46 46 45 45 44 44 44 44 43 43 42 42 42 42 42 42 
56 56 56 56 56 56 56 56 57 57 57 57 57 57 57 57 59 59 57 58 59 62 62 63 65 67 70 74 76 80 83 85 88 88 92 99 108 116 120 120 122 95 172 199 201 216 174 176 198 203 206 210 204 175 158 169 167 189 212 203 179 177 177 159 192 198 192 186 184 177 168 166 148 163 104 36 68 96 104 97 90 86 81 76 72 67 62 60 57 55 54 52 51 49 49 49 49 49 48 47 46 45 45 44 44 44 44 44 43 43 42 42 42 42 42 42 
55 55 55 55 55 55 55 55 57 57 57 57 57 57 57 57 58 58 57 57 59 61 61 63 64 66 69 73 75 79 82 84 87 88 92 99 106 113 117 120 91 88 163 217 208 185 169 181 175 174 176 182 178 156 151 169 183 186 197 187 173 187 181 141 198 204 194 180 176 170 163 161 160 177 104 49 74 100 107 97 90 86 80 75 72 68 64 60 57 57 55 52 51 49 49 49 49 49 48 47 46 45 44 44 44 44 44 44 43 43 42 42 42 42 42 42 
54 54 54 54 54 54 54 54 56 56 56 56 56 56 56 56 57 57 56 56 58 60 60 62 63 65 68 72 74 78 81 83 86 88 92 97 104 110 115 119 101 81 126 214 211 159 177 216 149 170 186 178 154 134 135 148 168 188 176 158 175 186 160 133 190 194 182 167 166 169 170 173 161 146 53 49 84 98 95 97 90 86 80 75 71 66 61 59 56 54 54 51 50 49 48 48 48 48 47 46 46 45 44 44 44 44 44 44 43 43 42 42 42 42 42 42 
54 54 54 54 54 54 54 54 55 55 55 55 55 55 55 55 56 56 55 55 57 59 59 61 62 64 67 71 73 77 81 82 84 86 91 96 102 108 113 117 122 82 88 184 225 194 201 204 139 180 208 196 177 182 192 190 173 192 191 174 173 180 164 137 186 191 181 166 165 168 163 157 128 117 11 37 71 92 90 96 89 85 79 74 71 67 63 59 56 56 54 51 50 48 48 48 48 48 47 46 45 44 43 43 44 44 44 44 43 43 42 42 42 42 42 42 
53 53 53 53 53 53 53 53 54 54 54 54 54 54 54 54 55 55 54 54 56 58 58 60 61 63 66 70 73 77 80 80 82 84 89 94 98 104 110 116 115 102 92 124 161 188 213 203 162 189 208 197 188 208 219 204 220 172 175 186 177 202 191 110 147 159 158 156 164 167 151 135 142 161 44 60 68 99 98 94 89 85 79 74 70 65 60 58 55 54 53 51 49 48 47 47 47 47 46 46 45 44 43 43 44 44 44 44 43 43 42 42 42 42 42 42 
52 52 52 52 52 52 52 52 53 53 53 53 53 53 53 53 55 54 53 54 55 57 58 59 61 62 66 70 72 76 79 80 81 83 89 92 96 103 110 116 126 129 111 75 88 156 206 223 176 187 207 211 200 206 221 220 220 149 146 171 170 199 190 106 170 175 165 154 160 158 132 108 166 184 52 79 78 106 99 94 88 84 79 73 70 66 62 58 55 55 53 50 49 47 47 47 47 47 46 45 44 43 43 42 44 44 44 44 43 43 42 42 42 42 42 42 
52 52 52 52 52 52 52 52 53 53 53 53 53 53 53 53 54 54 54 53 55 57 57 59 61 62 65 69 72 76 79 80 82 85 89 92 94 99 109 117 122 122 130 120 148 193 183 169 162 156 164 145 79 24 12 20 21 10 21 25 9 12 25 18 13 17 13 20 54 82 83 70 137 127 0 58 76 95 84 92 88 84 78 74 70 66 62 59 55 55 53 50 49 47 47 49 47 47 46 45 44 43 42 42 44 44 44 44 43 43 42 42 42 42 42 42 
53 53 53 53 53 53 53 53 54 54 54 54 54 54 54 52 51 52 53 54 56 58 58 59 62 62 65 69 72 76 79 81 82 92 90 86 92 96 102 114 119 127 148 176 223 221 183 199 197 104 37 29 38 51 60 57 59 59 58 58 57 57 57 54 54 45 51 60 48 35 59 102 125 56 40 85 82 74 98 80 85 84 79 75 71 68 63 60 58 57 54 51 50 49 48 47 46 45 45 45 44 44 43 43 44 44 44 43 43 43 42 42 43 43 43 43 
53 53 53 53 53 53 53 53 54 54 54 54 54 54 54 54 51 52 53 55 56 58 58 59 62 64 65 69 72 76 79 81 82 88 87 86 93 98 103 117 132 140 149 167 193 212 217 212 111 62 41 56 73 89 102 102 102 100 100 99 99 100 100 100 100 92 92 95 87 83 105 136 153 97 98 91 75 92 89 88 85 84 79 75 73 68 64 60 58 57 55 51 50 49 49 48 45 45 45 45 44 44 43 43 44 44 44 43 43 42 42 42 43 43 43 43 
53 53 53 53 53 53 53 53 54 54 54 54 54 54 54 54 51 52 53 55 56 57 58 59 62 63 64 68 72 76 79 80 81 87 86 85 95 100 104 116 125 157 160 179 184 200 216 159 38 42 71 100 116 130 140 139 131 131 131 130 130 130 130 129 127 123 121 121 118 116 122 131 127 96 119 78 66 107 80 92 84 83 79 74 72 68 63 62 59 57 55 51 50 49 49 48 45 45 45 44 44 43 43 43 44 44 43 43 42 42 42 41 42 42 42 42 
52 52 52 52 52 52 52 52 53 53 53 53 53 53 53 53 50 51 52 54 55 57 57 58 61 63 64 68 71 75 78 80 84 85 82 86 96 99 102 116 131 185 167 177 189 191 181 76 35 69 113 133 137 139 140 136 131 129 129 128 130 129 129 129 121 125 125 121 122 120 107 92 60 53 76 56 66 103 79 85 84 83 79 74 72 67 63 59 58 57 55 51 50 49 49 48 45 45 44 44 43 43 42 42 43 43 43 42 42 42 41 41 42 42 42 42 
52 52 52 52 52 52 52 52 53 53 53 53 53 53 53 53 50 51 52 54 55 57 57 58 61 62 63 67 71 75 78 79 87 87 83 87 96 97 102 119 161 215 157 145 186 193 161 50 72 105 136 139 137 135 131 125 129 128 128 128 128 128 127 127 125 128 125 119 122 125 109 88 53 50 47 66 84 91 89 81 83 83 78 74 72 67 62 61 59 57 55 51 50 49 49 48 44 44 44 43 43 42 42 42 43 43 42 42 42 41 41 41 42 42 42 42 
51 51 51 51 51 51 51 51 53 53 53 53 53 53 53 53 49 50 52 53 54 56 56 57 60 62 63 67 70 74 77 79 88 88 85 90 94 95 105 129 169 211 157 141 199 216 161 59 96 121 134 132 134 137 132 130 126 126 125 125 127 126 127 127 131 131 122 114 120 129 123 110 100 88 75 103 103 89 99 83 83 82 78 73 71 66 62 58 58 57 55 51 50 49 49 48 44 44 43 43 42 42 42 41 43 42 42 42 41 41 40 40 41 41 41 41 
51 51 51 51 51 51 51 51 52 52 52 52 52 52 52 52 49 50 51 53 54 56 56 57 60 61 63 67 70 74 77 79 85 86 86 90 93 95 112 142 163 187 176 167 209 230 162 68 108 124 131 130 138 140 134 137 124 123 123 123 124 124 125 124 125 126 123 118 120 123 119 110 99 88 118 131 103 98 96 84 83 82 77 73 71 66 62 60 59 57 55 51 50 49 49 48 43 43 43 42 42 42 41 41 42 42 42 41 41 40 40 40 41 41 41 41 
51 51 51 51 51 51 51 51 52 52 52 52 52 52 52 52 49 50 51 53 54 56 56 57 60 61 62 66 70 74 77 78 81 84 86 90 94 96 118 154 172 174 191 181 194 222 163 79 117 130 134 134 142 138 129 135 128 127 129 129 129 129 130 130 119 125 131 132 128 120 106 96 47 46 136 135 92 107 86 82 82 82 77 73 71 66 62 58 58 57 55 51 50 49 49 48 43 43 43 42 42 41 41 41 42 42 41 41 41 40 40 40 41 41 41 41 
49 49 49 49 49 49 49 49 51 51 51 51 51 51 51 51 48 48 50 51 52 54 55 55 59 61 62 66 70 74 77 78 83 77 87 96 86 110 108 186 181 172 171 191 196 212 194 104 116 136 136 122 148 129 142 127 127 132 136 133 133 134 132 126 134 131 135 129 134 122 95 108 62 40 152 118 86 101 81 89 82 82 77 73 71 66 61 60 58 56 54 50 49 47 47 47 43 43 43 42 42 41 41 41 41 41 41 41 41 41 41 41 40 40 40 40 
49 49 49 49 49 49 49 49 51 51 51 51 51 51 51 51 47 48 50 51 52 54 54 55 59 61 62 66 69 73 76 78 82 80 85 94 90 108 102 191 172 182 189 202 199 208 217 170 109 114 141 132 148 138 150 141 138 138 133 123 124 133 143 145 137 138 133 120 135 135 109 126 78 51 146 98 72 98 85 91 82 82 77 73 71 66 61 58 57 56 54 50 49 47 47 47 43 43 43 42 42 41 41 41 41 41 41 41 41 41 41 41 40 40 40 40 
49 49 49 49 49 49 49 49 50 50 50 50 50 50 50 50 47 48 49 51 52 54 54 55 58 60 61 65 69 73 76 77 79 84 82 91 95 102 90 197 195 212 212 215 204 193 202 190 141 119 180 167 158 152 150 140 132 142 149 148 148 149 142 131 125 148 150 136 153 150 114 126 78 63 139 82 63 96 87 87 82 82 77 73 71 66 61 60 58 56 54 50 49 47 47 47 43 43 43 42 42 41 41 41 40 40 40 40 40 40 40 40 40 40 40 40 
48 48 48 48 48 48 48 48 50 50 50 50 50 50 50 50 47 47 49 51 51 53 54 54 58 59 60 64 68 72 75 74 76 86 79 88 98 98 81 197 191 203 198 214 220 202 202 200 151 111 197 185 159 159 148 132 137 153 167 173 174 167 141 114 70 125 157 149 162 148 108 118 68 76 147 83 68 98 88 79 82 82 77 73 71 66 61 58 57 56 54 50 49 47 47 47 43 43 43 42 42 41 41 41 40 40 40 40 40 40 40 40 39 39 39 39 
48 48 48 48 48 48 48 48 49 49 49 49 49 49 49 49 46 47 48 50 51 53 53 54 57 58 59 63 67 71 74 75 75 87 80 86 99 98 78 190 202 209 199 216 220 202 206 212 142 106 209 208 181 186 181 156 163 165 162 156 163 169 156 133 70 125 166 147 127 104 76 91 87 109 164 91 75 96 89 81 82 82 77 73 71 66 61 60 58 56 54 50 49 47 47 47 43 43 43 42 42 41 41 41 39 39 39 39 39 39 39 39 39 39 39 39 
48 48 48 48 48 48 48 48 49 49 49 49 49 49 49 49 46 46 48 50 51 52 53 53 56 57 58 62 66 70 73 73 73 83 80 87 94 101 81 174 228 228 218 221 202 185 208 221 124 115 217 217 183 179 188 154 160 165 160 150 155 170 168 152 108 136 170 144 109 99 97 116 131 149 173 90 76 91 91 87 82 82 77 73 71 66 61 58 57 56 54 50 49 47 47 47 43 43 43 42 42 41 41 41 39 39 39 39 39 39 39 39 39 39 39 39 
47 47 47 47 47 47 47 47 48 48 48 48 48 48 48 48 45 46 47 49 50 52 52 53 55 57 58 62 65 69 72 74 73 79 85 89 88 107 88 158 221 215 214 218 188 182 216 220 83 116 207 204 160 141 170 134 148 168 177 167 165 174 173 161 109 106 149 158 139 153 167 175 154 164 163 82 76 88 90 86 82 82 77 73 71 66 61 60 58 56 54 50 49 47 47 47 43 43 43 42 42 41 41 41 38 38 38 38 38 38 38 38 38 38 38 38 
47 47 47 47 47 47 47 47 48 48 48 48 48 48 48 48 45 46 47 49 50 52 53 53 55 56 57 61 66 69 72 74 72 75 86 92 85 110 92 144 234 215 210 214 179 168 188 165 60 125 217 217 174 151 202 170 156 182 193 175 161 168 176 176 123 100 152 180 162 170 166 142 151 154 145 71 79 89 86 78 82 82 77 73 71 66 61 60 58 56 54 50 49 47 47 47 43 41 41 42 42 41 41 41 38 38 38 38 38 38 38 39 38 38 38 38 
46 46 46 46 46 46 46 46 47 47 47 47 47 47 47 47 45 46 48 50 50 52 53 53 55 57 58 62 66 68 71 71 77 68 74 90 93 90 113 148 209 236 167 189 102 146 180 209 112 141 230 214 185 217 205 198 177 180 177 167 164 169 171 167 152 85 149 163 146 152 114 132 145 144 141 76 78 84 87 84 84 84 79 74 71 67 62 60 60 57 53 52 52 51 49 46 41 40 40 39 38 38 37 37 38 38 39 39 39 40 40 40 38 38 38 38 
46 46 46 46 46 46 46 46 47 47 47 47 47 47 47 47 45 46 48 50 50 51 53 54 55 56 58 62 66 69 70 71 74 69 76 89 92 89 103 126 175 208 192 120 175 198 244 216 147 151 222 216 186 200 185 189 159 163 168 172 175 176 172 169 158 105 142 161 158 154 126 139 139 138 135 71 74 81 86 82 84 84 78 74 71 67 62 60 60 57 53 52 51 51 49 46 41 40 39 39 39 38 37 37 38 38 39 39 39 39 41 41 38 38 38 38 
45 45 45 45 45 45 45 45 46 46 46 46 46 46 46 46 46 46 48 49 49 51 52 53 54 56 57 61 64 68 69 69 70 72 78 86 90 91 97 103 149 204 215 96 208 228 231 179 159 147 205 214 188 181 161 171 142 141 148 160 168 166 162 161 162 130 121 150 168 154 139 143 137 137 133 70 76 84 87 82 83 83 78 74 72 67 63 61 60 57 53 52 51 50 49 46 43 41 40 39 39 38 38 37 39 38 39 39 39 39 41 41 37 37 37 37 
45 45 45 45 45 45 45 45 46 46 46 46 46 46 46 46 46 46 47 49 49 50 51 52 53 55 56 59 63 66 67 67 69 73 77 79 86 93 94 91 118 157 151 138 216 255 175 134 148 149 201 215 193 181 162 166 146 138 137 148 156 155 155 160 160 145 101 133 169 149 145 140 139 138 136 73 81 89 92 87 84 83 79 74 73 68 64 61 60 58 54 51 52 51 50 47 44 43 42 40 40 39 38 37 39 39 40 39 39 39 41 40 37 37 37 37 
44 44 44 44 44 44 44 44 46 46 46 46 46 46 46 46 46 46 47 49 48 49 50 51 53 54 55 58 61 64 65 65 70 74 75 74 82 94 97 94 85 111 147 233 227 234 122 128 153 175 213 207 183 180 172 164 146 142 143 151 157 157 156 159 157 151 94 126 167 147 148 136 137 135 133 72 82 92 96 88 86 84 79 76 74 70 66 63 62 59 55 53 53 52 51 48 46 44 43 42 41 39 38 38 40 40 40 40 39 38 40 40 37 37 37 37 
44 44 44 44 44 44 44 44 45 45 45 45 45 45 45 45 46 47 47 48 47 48 49 50 52 53 54 57 60 63 63 63 69 70 71 72 80 91 96 97 95 83 149 240 242 186 121 119 161 194 207 179 151 154 156 139 121 131 143 151 156 156 151 146 157 149 104 129 164 150 149 134 131 129 127 68 80 91 93 85 88 85 80 76 74 72 68 65 63 60 56 55 53 54 52 50 47 46 44 43 42 40 39 38 40 40 40 40 39 38 39 39 36 36 36 36 
43 43 43 43 43 43 43 43 45 45 45 45 45 45 45 45 46 47 47 48 47 48 48 49 51 52 53 56 59 61 61 61 66 66 68 75 79 84 90 97 111 67 76 127 193 169 157 109 159 190 191 167 145 140 138 115 113 135 151 150 151 157 154 144 155 140 117 135 155 151 144 129 130 127 125 67 80 93 95 87 87 86 82 78 76 75 70 67 65 62 58 56 55 56 54 52 48 47 45 43 42 40 39 38 41 40 41 40 39 38 39 39 36 36 36 36 
43 43 43 43 43 43 43 43 45 45 45 45 45 45 45 45 46 47 47 48 47 47 48 48 51 52 53 56 58 61 61 62 64 62 67 78 80 78 84 93 82 115 86 60 49 66 128 132 154 181 184 181 167 150 139 112 133 158 168 155 152 165 169 160 149 127 122 134 147 149 136 121 132 129 128 70 84 97 99 91 88 86 82 79 76 74 69 68 64 63 58 56 55 55 53 51 48 47 46 44 43 41 39 38 41 41 41 40 39 38 39 38 36 36 36 36 
43 43 43 43 43 43 43 43 43 43 44 44 45 45 45 46 45 45 46 46 45 46 47 47 48 49 49 52 54 56 56 57 63 65 67 70 72 77 83 89 94 96 96 92 78 62 44 32 21 18 15 12 11 11 13 15 11 12 13 14 14 13 11 12 12 20 14 15 55 111 132 121 140 130 135 82 85 90 94 89 89 88 83 81 78 75 71 70 66 66 62 61 59 58 55 52 50 49 47 45 44 42 40 40 40 40 40 40 39 38 40 39 36 36 36 36 
43 43 43 43 43 43 43 43 43 43 44 44 45 45 45 45 44 45 45 46 45 46 47 47 47 48 49 51 54 56 56 57 62 64 66 68 71 76 82 87 89 93 97 98 95 85 75 68 57 54 51 49 48 50 52 53 54 55 56 57 57 56 55 55 62 58 52 53 65 86 108 121 138 131 132 77 83 91 97 88 90 88 86 82 80 77 74 71 69 67 65 63 62 60 57 54 51 50 48 46 45 43 41 40 41 40 41 40 39 38 40 39 36 36 36 36 
43 43 43 43 43 43 43 43 43 43 43 44 44 45 45 45 44 44 45 46 45 46 47 47 47 48 48 51 53 55 55 56 61 63 64 68 70 74 79 83 85 90 97 102 106 105 104 102 96 94 93 92 92 94 97 98 101 102 103 104 104 103 102 101 112 102 100 101 88 76 97 134 123 118 121 66 78 95 106 95 93 91 87 86 83 81 78 74 73 71 69 67 66 63 60 57 53 52 50 48 47 44 42 41 42 41 41 40 39 38 40 39 36 36 36 36 
42 42 42 42 42 42 42 42 42 42 43 43 44 44 45 45 44 44 45 46 44 45 46 46 46 47 48 50 52 54 54 55 59 62 64 66 68 72 77 81 85 87 93 99 104 106 109 109 111 111 110 110 112 114 117 119 118 119 121 122 122 122 121 120 129 122 123 128 114 96 110 139 123 117 119 64 78 98 106 93 95 93 89 86 85 82 79 77 76 73 70 69 67 66 62 59 56 55 53 50 49 46 44 43 43 42 42 41 40 38 39 39 36 36 36 36 
42 42 42 42 42 42 42 42 42 42 42 43 43 44 44 44 43 43 44 45 44 45 46 46 45 46 47 49 51 53 53 54 57 60 63 64 67 71 75 79 84 86 88 94 98 102 106 107 108 107 107 109 111 113 115 117 117 118 120 121 122 122 121 121 125 126 126 125 122 119 116 115 117 108 111 64 81 96 100 86 94 93 90 87 87 85 82 80 79 76 73 72 70 67 64 60 59 58 56 53 51 48 46 45 44 43 43 42 40 38 39 39 36 36 36 36 
41 41 41 41 41 41 41 41 41 42 42 42 43 43 44 44 43 43 44 45 44 44 45 45 44 45 46 48 50 53 52 53 57 59 62 64 66 68 73 78 83 84 86 91 96 103 107 109 102 101 102 104 106 108 110 111 115 116 118 120 121 121 120 120 120 124 120 113 118 122 106 85 65 52 67 46 77 95 103 97 97 96 93 91 91 88 86 83 82 80 77 74 73 70 67 64 62 61 58 55 53 50 48 46 45 44 44 42 40 39 39 39 36 36 36 36 
41 41 41 41 41 41 41 41 41 41 42 42 42 43 43 43 42 43 43 44 43 44 45 45 43 44 45 47 50 52 52 53 58 59 62 63 66 70 74 78 82 83 85 91 96 103 106 106 102 101 103 104 106 108 109 109 113 114 116 118 119 119 119 120 119 119 115 113 117 116 103 86 51 35 57 50 89 99 105 105 101 100 97 96 96 94 91 88 87 86 83 79 78 75 72 68 64 63 60 57 55 51 49 48 46 45 44 43 41 39 39 38 36 36 36 36 
41 41 41 41 41 41 41 41 41 41 41 42 42 43 43 43 42 42 43 44 45 44 45 45 43 44 46 47 49 52 53 54 59 62 65 65 67 70 74 78 86 85 86 89 93 97 99 99 103 103 104 106 107 109 109 110 110 111 113 113 114 114 113 113 117 114 114 120 121 115 110 108 105 79 94 83 111 102 96 96 104 104 101 99 100 100 96 95 94 91 87 83 80 77 73 69 64 63 60 58 55 52 50 48 46 45 45 43 41 39 39 38 36 36 36 36 
42 42 42 42 42 42 42 42 42 42 42 43 43 44 44 44 42 42 43 44 45 45 45 46 44 45 47 48 50 52 54 55 61 65 68 71 73 75 78 80 82 88 90 90 92 99 103 103 110 104 112 120 115 112 114 114 116 117 119 120 118 116 113 112 111 124 112 119 124 117 123 121 112 116 115 108 108 111 106 98 98 98 102 108 109 102 102 106 100 101 94 83 78 79 73 64 69 67 63 61 58 55 51 48 50 47 44 42 43 43 42 40 37 37 36 36 
42 42 42 42 42 42 42 42 42 42 42 43 43 43 44 44 44 44 43 44 44 45 45 45 44 45 47 49 50 53 54 56 61 66 68 72 73 77 79 82 76 84 92 94 96 100 103 103 108 101 107 113 113 114 120 122 117 117 117 120 119 118 115 114 111 125 116 120 122 112 114 106 115 116 114 109 107 109 109 106 114 107 96 92 88 85 86 89 99 100 96 90 83 78 70 66 69 67 64 60 57 55 52 48 49 48 45 42 44 43 42 40 37 37 36 36 
41 41 41 41 41 41 41 41 41 41 42 42 43 43 43 44 43 44 42 43 44 45 45 45 44 45 47 49 51 53 55 56 59 63 67 71 72 75 79 82 77 86 94 96 98 104 106 108 111 115 123 129 128 123 122 125 122 120 118 120 122 122 120 119 122 130 117 120 125 127 142 137 126 125 124 121 116 112 112 114 123 111 88 74 70 72 76 75 88 86 89 94 92 82 73 74 71 70 65 62 59 57 53 50 50 49 46 43 44 43 42 40 37 37 36 36 
41 41 41 41 41 41 41 41 41 41 41 42 42 43 43 43 43 43 42 43 44 45 44 45 44 45 47 50 51 54 56 57 59 63 67 70 71 74 79 83 89 94 97 97 101 111 118 123 122 144 162 165 154 136 126 127 134 128 122 121 125 127 124 124 126 135 126 131 132 130 139 121 125 128 131 132 125 118 115 116 108 100 81 67 67 74 76 73 70 66 70 84 93 88 80 79 75 73 68 64 62 57 55 52 52 48 46 44 43 44 42 40 37 37 36 36 
40 40 40 40 40 40 40 40 40 40 41 41 42 42 43 43 42 43 41 42 43 44 44 44 44 45 47 50 52 55 57 58 59 61 66 68 72 76 80 84 95 96 96 98 111 129 144 149 133 165 182 177 160 139 132 140 152 139 127 123 126 130 128 126 128 138 134 138 126 106 89 45 107 116 127 133 133 130 122 119 80 87 78 66 65 75 76 69 55 45 46 65 86 93 88 83 78 74 71 67 64 60 57 54 53 50 47 45 44 43 42 41 37 37 36 36 
40 40 40 40 40 40 40 40 40 40 40 41 41 42 42 42 42 42 41 42 43 44 43 44 44 45 47 50 53 56 58 58 58 60 65 69 73 78 82 87 95 95 98 111 133 154 165 164 145 172 176 161 151 140 142 160 165 147 128 120 126 131 131 131 140 136 118 118 107 99 87 39 84 103 116 121 130 140 133 118 65 82 82 65 55 63 66 60 54 44 36 47 69 90 93 86 82 78 74 70 66 62 59 55 54 51 48 45 45 43 43 41 37 37 36 36 
39 39 39 39 39 39 39 39 40 40 40 40 41 41 42 42 42 42 41 42 42 43 43 43 44 45 47 51 53 56 59 59 58 61 66 70 74 79 85 89 95 98 109 131 159 174 167 152 162 181 170 153 156 156 158 174 172 150 125 115 122 132 136 137 148 131 106 107 107 118 119 72 78 101 109 105 116 139 133 108 67 92 91 64 44 51 62 62 62 59 45 36 51 80 95 89 86 80 75 72 68 64 61 57 55 52 49 46 45 44 41 39 37 37 36 36 
39 39 39 39 39 39 39 39 39 40 40 40 41 41 42 42 41 42 40 41 42 43 43 43 43 45 47 51 53 57 59 57 58 61 66 71 75 80 86 91 100 108 122 149 176 180 158 131 179 192 176 163 176 177 169 176 174 149 122 112 121 133 140 141 139 129 116 125 128 130 117 55 85 109 111 94 106 135 127 96 77 102 101 64 37 45 66 72 71 74 58 34 40 73 95 93 87 81 76 71 67 64 60 58 55 52 48 46 45 44 41 39 37 37 36 36 
39 39 39 39 39 39 39 39 39 39 40 40 41 41 41 42 43 43 42 43 43 44 44 44 44 47 51 53 54 56 59 61 60 69 69 67 75 79 85 94 100 105 158 165 179 176 123 144 187 203 164 136 165 167 150 164 149 142 142 137 127 128 139 147 126 124 91 133 141 93 90 58 85 116 104 111 96 107 141 76 97 108 97 72 68 85 90 78 68 53 41 37 39 48 74 101 89 84 78 72 69 68 61 54 55 52 49 48 46 45 42 40 38 37 36 34 
39 39 39 39 39 39 39 39 39 39 40 40 41 41 41 41 43 43 42 43 43 44 44 44 45 47 51 53 54 56 60 62 60 68 70 71 79 85 90 100 105 128 193 197 199 189 134 147 173 187 155 133 155 152 136 154 161 150 145 139 126 124 128 131 107 141 117 121 114 97 109 69 96 142 116 102 96 104 128 82 96 97 82 63 66 82 87 79 67 53 42 39 38 45 73 99 89 85 79 73 70 67 61 54 56 52 48 46 44 45 42 40 38 37 36 34 
39 39 39 39 39 39 39 39 39 39 39 40 40 41 41 41 43 43 42 43 43 44 44 44 45 48 51 54 55 57 61 63 62 68 70 75 86 91 94 104 104 126 179 179 187 197 162 169 175 188 172 163 180 171 163 187 177 152 134 122 111 111 122 132 112 151 134 122 109 114 138 102 99 145 122 111 106 87 100 92 101 85 63 52 59 71 75 71 64 52 43 41 36 40 63 86 88 84 81 74 71 68 63 56 56 53 49 46 44 43 42 40 38 37 36 34 
38 38 38 38 38 38 38 38 38 38 39 39 40 40 41 41 43 43 42 43 43 44 44 44 45 48 52 55 56 59 62 64 68 69 70 77 88 93 96 105 127 141 175 175 196 217 191 178 176 185 178 176 176 157 150 173 178 149 133 133 126 122 128 136 156 159 138 130 112 109 128 108 96 122 122 130 106 67 81 99 110 81 53 47 56 63 63 62 55 46 41 42 38 37 53 70 86 84 83 76 71 69 64 57 55 54 49 46 45 43 42 40 38 37 36 34 
38 38 38 38 38 38 38 38 38 38 38 39 39 40 40 40 43 43 42 43 43 44 44 44 45 49 53 56 57 60 64 66 72 74 74 81 91 92 95 110 133 157 190 193 198 204 176 143 141 149 159 165 161 148 149 169 168 146 144 160 157 141 134 135 149 142 135 126 106 107 127 117 103 116 133 126 81 67 94 94 67 36 11 10 20 26 24 23 46 36 35 43 44 45 54 66 84 83 83 78 72 69 65 59 57 55 50 46 45 43 40 40 38 37 36 34 
37 37 37 37 37 37 37 37 37 38 38 38 39 39 40 40 43 43 42 43 43 44 44 44 46 49 53 56 58 61 65 68 75 76 77 83 91 91 100 120 118 147 177 183 177 178 170 147 133 143 160 167 157 148 155 165 171 140 130 141 137 125 129 141 138 139 147 129 102 114 128 113 115 130 141 99 57 88 115 81 83 63 50 52 63 68 68 67 51 37 32 41 49 51 59 65 81 82 83 78 73 68 64 61 58 54 50 47 44 43 40 38 37 37 36 34 
37 37 37 37 37 37 37 37 37 37 38 38 38 39 39 39 43 43 42 43 43 44 44 44 46 49 54 57 59 62 66 70 76 78 80 87 93 94 110 137 131 144 158 176 183 194 199 173 144 151 168 162 140 131 133 127 173 135 118 125 122 114 131 153 159 125 130 132 113 110 101 79 119 119 114 79 73 108 108 73 105 98 97 98 106 111 110 107 82 56 38 40 47 50 55 57 78 78 83 78 72 68 64 61 58 54 51 47 45 42 40 40 38 37 36 34 
37 37 37 37 37 37 37 37 37 37 37 38 38 39 39 39 43 43 42 43 43 44 44 44 46 49 54 57 59 63 67 69 73 77 81 88 94 97 119 150 139 135 140 177 199 199 180 128 109 125 152 156 145 154 165 159 157 130 132 153 153 137 142 158 123 38 44 106 130 122 99 88 113 91 77 79 110 114 80 73 118 121 124 122 122 126 125 118 113 80 48 40 43 44 46 47 77 80 83 79 72 68 64 61 59 57 51 48 45 43 40 39 38 37 36 34 
36 36 36 36 36 36 36 36 38 38 38 38 38 38 38 38 41 42 41 42 44 45 45 46 47 49 53 56 58 62 68 72 69 76 78 85 92 93 118 167 145 103 106 155 199 196 140 69 62 23 3 15 15 7 33 78 116 112 143 163 144 145 156 136 87 21 60 66 85 115 70 85 119 82 85 117 115 90 72 61 105 129 136 123 116 118 116 119 120 98 82 33 55 53 50 48 63 82 89 79 73 71 64 61 60 57 52 49 46 46 42 41 39 38 36 34 
36 36 36 36 36 36 36 36 38 38 38 38 38 38 38 38 41 42 41 42 43 45 45 45 47 49 53 56 58 62 68 72 70 75 78 84 92 94 122 170 151 133 130 137 208 108 33 18 40 41 50 64 66 55 51 57 60 61 101 143 154 164 168 142 72 36 83 95 88 87 62 80 114 97 106 122 106 81 74 73 101 125 134 119 112 112 111 113 117 105 93 38 57 56 53 48 63 80 88 79 76 72 66 62 60 57 53 49 48 46 43 41 39 38 36 34 
36 36 36 36 36 36 36 36 37 37 37 37 37 37 37 37 41 41 40 42 43 45 45 45 47 49 53 56 58 62 68 72 73 78 80 86 94 96 125 174 145 127 132 106 165 39 11 48 74 95 107 107 109 114 105 91 71 63 88 127 148 158 146 111 67 75 123 144 103 64 70 92 118 119 128 122 91 72 76 79 94 120 133 120 114 112 111 113 116 117 108 44 56 57 55 44 60 77 87 78 76 73 68 66 61 57 53 49 48 46 43 41 39 38 36 34 
36 36 36 36 36 36 36 36 37 37 37 37 37 37 37 37 40 41 40 41 43 44 44 45 47 49 53 56 58 62 68 72 75 80 82 88 96 98 128 177 137 108 131 114 91 35 75 108 118 131 133 125 124 136 139 131 126 108 104 118 132 132 115 87 63 101 140 163 104 46 82 108 127 135 131 104 77 69 76 78 86 116 131 121 114 114 112 113 114 126 120 47 53 56 53 39 56 74 85 78 77 75 69 65 60 57 53 49 48 46 43 41 38 37 35 33 
36 36 36 36 36 36 36 36 37 37 37 37 37 37 37 37 40 40 39 41 42 44 44 44 47 49 53 56 58 62 68 73 78 83 84 91 99 100 131 180 137 129 142 143 37 63 107 115 123 124 127 131 130 127 126 127 139 130 117 118 127 122 109 100 60 104 129 151 96 46 97 117 128 130 111 82 72 81 86 78 76 110 129 123 117 114 111 112 113 128 124 47 50 53 50 35 53 73 84 78 78 75 69 68 61 57 53 49 48 46 43 41 38 37 35 33 
36 36 36 36 36 36 36 36 36 36 36 36 36 36 36 36 39 40 39 40 42 43 43 44 47 49 53 56 58 62 68 73 79 85 85 91 99 102 131 182 139 148 125 134 30 87 108 127 133 123 122 131 128 119 121 133 130 137 130 125 130 117 105 109 66 106 132 147 107 80 119 124 115 115 90 65 74 92 91 78 67 104 127 124 118 115 113 114 115 126 121 47 50 50 48 36 52 72 84 78 78 75 69 64 60 57 53 49 48 46 43 41 37 36 34 33 
36 36 36 36 36 36 36 36 36 36 36 36 36 36 36 36 39 40 39 40 41 43 43 43 47 49 53 56 58 62 68 73 79 86 85 91 99 102 132 183 137 112 96 135 78 103 121 146 141 130 127 128 127 126 134 144 130 149 140 129 131 112 100 114 66 104 143 153 129 119 128 111 102 107 88 70 80 89 81 70 61 102 128 126 119 115 112 114 119 123 117 48 52 49 47 39 52 72 84 79 78 75 68 65 61 57 53 49 48 46 43 41 37 36 34 32 
36 36 36 36 36 36 36 36 36 36 36 36 36 36 36 36 39 39 38 40 41 43 43 43 47 49 53 56 58 62 68 73 80 86 86 91 99 102 132 182 131 58 95 172 144 114 129 133 119 127 134 134 133 137 135 130 131 151 140 126 131 117 113 135 49 84 138 147 132 129 112 82 97 110 97 80 82 80 67 61 59 99 127 126 119 117 113 115 123 121 114 49 55 50 48 43 52 72 85 79 78 74 67 62 60 57 53 49 48 46 43 41 37 36 34 32 
35 35 35 35 35 35 35 35 37 37 37 37 37 37 37 37 38 38 38 39 41 43 44 44 47 50 53 57 59 64 71 75 81 86 86 96 103 91 118 184 88 28 133 209 179 150 123 139 138 131 136 142 139 137 140 139 147 158 154 135 117 112 124 138 48 98 135 145 145 113 78 73 96 109 89 79 78 74 77 61 53 92 122 126 123 121 115 115 118 123 115 49 42 67 42 40 50 69 83 80 78 71 65 66 60 56 51 47 47 44 42 40 38 37 35 33 
35 35 35 35 35 35 35 35 37 37 37 37 37 37 37 37 37 38 38 39 41 43 43 44 47 49 53 57 59 64 70 75 79 86 84 92 101 93 111 161 64 49 155 211 195 184 149 147 136 137 143 143 137 140 145 143 138 143 135 111 98 110 128 124 50 100 137 145 142 109 75 70 88 103 87 83 85 82 84 67 54 90 120 125 123 119 114 113 119 130 109 53 42 55 42 35 52 69 82 79 77 71 64 63 59 56 51 47 46 44 42 39 38 37 35 33 
35 35 35 35 35 35 35 35 36 36 36 36 36 36 36 36 37 38 37 39 41 43 43 44 46 49 53 56 59 64 70 75 76 85 82 86 100 99 105 129 32 79 182 207 193 184 137 119 132 143 145 136 132 142 149 149 146 146 137 109 98 130 146 113 54 102 137 145 141 107 73 68 88 102 88 87 90 85 85 68 57 86 116 127 123 118 116 114 119 131 91 52 43 42 48 34 55 71 82 78 76 70 64 64 59 55 50 46 46 43 41 39 38 36 34 33 
34 34 34 34 34 34 34 34 36 36 36 36 36 36 36 36 37 37 37 39 40 42 43 43 46 49 52 56 58 63 70 74 74 82 81 83 98 102 97 102 10 102 198 199 177 161 120 113 142 152 144 125 130 147 154 148 152 152 149 124 116 148 148 87 55 101 135 142 140 108 75 71 101 110 91 88 89 81 80 64 61 81 110 127 123 118 117 115 121 124 63 43 45 38 56 37 59 73 82 76 75 70 63 61 57 54 50 45 45 42 40 38 37 36 34 32 
34 34 34 34 34 34 34 34 35 35 35 35 35 35 35 35 36 37 36 38 40 42 42 43 45 48 52 55 58 63 69 73 73 80 80 80 93 102 95 87 32 131 206 193 162 141 132 157 165 167 145 123 136 154 152 141 126 135 141 128 121 140 119 48 61 102 131 138 140 113 81 77 110 113 89 84 85 77 78 65 62 75 106 129 126 121 121 118 129 113 42 32 47 39 53 36 63 75 81 75 74 69 62 61 57 53 49 44 44 41 39 37 37 35 34 32 
34 34 34 34 34 34 34 34 35 35 35 35 35 35 35 35 36 36 36 38 40 41 42 42 45 48 51 55 57 62 69 72 74 76 77 81 89 100 96 87 97 174 211 184 143 118 128 159 174 170 143 127 148 157 142 130 106 123 130 126 126 121 87 37 70 104 125 132 139 119 85 78 106 105 79 79 84 77 80 72 61 64 96 126 124 119 123 119 129 95 36 29 49 44 41 34 65 77 81 73 73 69 61 58 55 52 48 43 43 40 38 36 36 35 33 31 
33 33 33 33 33 33 33 33 34 34 34 34 34 34 34 34 35 36 35 37 39 41 41 42 45 47 51 54 57 62 68 72 76 74 78 82 86 95 101 98 142 198 211 185 149 128 127 125 141 143 126 125 151 152 130 124 116 133 129 123 124 98 62 49 82 109 122 127 139 121 87 78 98 98 75 78 85 78 79 71 56 54 87 124 121 117 122 117 109 68 38 32 54 54 34 45 70 78 80 72 72 68 61 59 56 52 47 43 42 40 38 35 36 35 33 31 
33 33 33 33 33 33 33 33 34 34 34 34 34 34 34 34 35 36 35 37 39 41 41 42 44 47 51 54 57 62 68 72 78 72 77 83 84 91 102 107 137 191 206 197 182 172 155 115 97 107 105 120 151 146 125 125 135 146 127 114 115 76 42 55 91 114 121 125 138 123 87 75 93 95 72 78 86 75 75 63 51 48 83 124 124 121 127 122 89 47 43 37 57 61 31 58 72 80 80 73 72 69 60 58 55 51 47 42 42 39 36 35 36 34 33 31 
33 33 33 33 33 33 33 33 33 33 33 33 33 33 33 33 37 36 35 36 37 40 42 43 44 47 52 56 58 62 66 69 77 70 77 86 82 84 95 107 95 182 202 178 175 156 131 130 139 74 90 148 170 153 133 147 156 147 126 112 94 50 37 64 101 113 125 125 126 122 100 75 91 97 83 70 74 71 63 67 57 45 63 106 136 138 118 94 39 41 41 54 65 49 44 61 87 80 76 74 70 66 59 54 53 51 48 43 39 38 36 36 33 32 31 29 
33 33 33 33 33 33 33 33 33 33 33 33 33 33 33 33 36 36 34 35 37 40 41 43 44 47 52 56 58 61 66 69 76 72 76 80 79 84 96 106 117 116 185 184 143 141 118 102 157 134 134 137 151 151 133 150 138 143 128 106 79 44 46 83 103 112 121 122 126 124 102 76 89 92 78 67 73 70 61 62 58 48 46 55 70 84 70 40 23 28 40 59 60 36 40 76 87 81 77 73 71 65 59 54 52 50 47 42 38 36 36 35 33 32 30 29 
33 33 33 33 33 33 33 33 33 33 33 33 33 33 33 33 36 36 34 35 37 40 41 43 43 46 51 55 57 61 65 68 72 74 74 74 78 89 98 103 120 85 164 162 129 171 162 149 119 140 151 137 141 131 106 131 140 144 119 81 50 36 61 106 104 108 115 118 124 125 105 81 88 87 75 68 75 71 62 61 63 63 51 28 26 46 41 11 20 31 49 64 51 25 42 88 86 80 78 74 70 64 59 55 52 49 46 41 39 37 35 35 33 32 30 29 
33 33 33 33 33 33 33 33 33 33 33 33 33 33 33 33 36 35 34 35 36 39 41 42 42 46 50 54 56 60 64 67 68 76 76 72 79 89 94 100 120 141 167 138 142 180 168 164 101 115 151 160 154 132 116 145 153 136 90 43 27 40 77 112 103 104 108 111 119 122 108 88 83 80 75 71 71 65 60 63 58 67 65 42 28 38 43 28 40 53 64 57 37 27 54 91 85 79 76 71 67 62 58 54 50 48 44 40 38 36 35 34 32 31 30 28 
33 33 33 33 33 33 33 33 33 33 33 33 33 33 33 33 35 35 33 34 36 39 40 42 41 45 49 53 55 59 63 66 64 79 79 76 83 88 92 102 137 199 179 167 173 158 163 158 98 89 128 137 113 115 120 126 129 95 46 19 31 63 89 102 99 96 99 103 114 119 110 96 79 77 77 75 65 58 61 68 52 58 60 47 25 25 41 50 61 69 63 36 23 41 72 84 84 79 73 68 65 61 56 52 48 46 44 40 37 35 35 34 32 31 29 28 
33 33 33 33 33 33 33 33 33 33 33 33 33 33 33 33 35 35 33 34 36 38 40 41 40 44 48 52 54 58 63 65 64 78 78 77 85 85 92 120 172 187 156 176 142 87 133 139 116 109 146 134 104 125 125 85 70 43 19 26 57 87 98 89 92 91 92 97 106 112 108 102 80 72 75 74 62 55 64 71 61 57 53 38 15 18 44 62 62 58 43 19 22 59 84 78 82 76 70 65 62 58 53 50 46 44 42 39 36 34 34 34 31 30 29 27 
33 33 33 33 33 33 33 33 33 33 33 33 33 33 33 33 34 34 32 33 35 38 39 41 39 43 48 51 53 57 62 65 67 75 73 76 84 82 100 146 172 150 133 148 86 23 58 74 124 115 138 126 109 124 107 72 35 26 34 59 80 92 94 87 87 86 89 92 99 105 107 108 87 68 65 70 62 60 67 69 63 62 49 25 14 37 62 63 58 33 21 26 40 71 86 78 79 74 68 63 59 55 52 49 46 44 41 38 36 34 33 33 31 30 28 27 
33 33 33 33 33 33 33 33 33 33 33 33 33 33 33 33 34 34 32 33 35 38 39 41 39 43 47 51 53 57 62 65 69 73 67 74 83 80 106 168 119 125 151 155 114 67 52 66 46 18 13 10 15 17 7 19 35 37 61 86 89 83 86 90 84 85 88 91 94 99 104 111 93 64 57 65 62 65 68 63 46 52 41 14 18 60 76 56 58 17 10 41 62 75 82 79 77 72 67 61 57 53 50 48 45 43 40 37 35 34 33 33 31 30 28 27 
33 33 33 33 33 33 33 33 31 31 31 32 32 32 33 33 36 36 33 34 34 36 37 38 39 41 45 47 49 53 59 63 72 65 74 79 72 90 126 146 146 162 153 162 143 124 132 94 81 66 53 49 50 50 50 51 74 75 79 83 84 84 82 80 82 81 82 84 88 94 99 103 100 81 55 39 40 46 53 55 40 36 30 30 48 65 57 39 15 22 37 58 75 81 78 73 69 67 63 59 56 52 49 45 43 42 40 38 37 35 33 32 29 29 29 29 
32 32 32 32 32 32 32 32 31 31 31 32 32 32 33 33 36 36 33 33 34 36 37 38 39 42 45 47 49 53 59 63 65 70 74 69 71 100 117 104 175 181 162 164 159 153 147 89 101 92 85 81 81 81 79 80 82 82 84 85 84 83 80 79 78 78 79 82 85 90 93 98 98 88 71 54 40 35 34 35 40 33 24 23 32 40 32 20 27 38 54 70 76 76 72 70 68 65 61 58 54 51 48 44 42 41 40 37 37 35 33 32 29 29 29 29 
31 31 31 31 31 31 31 31 31 31 31 32 32 32 33 33 36 36 33 33 34 36 37 38 39 42 45 47 49 53 58 62 65 67 73 70 71 88 104 101 167 190 180 165 155 157 147 91 98 98 98 97 94 93 93 92 87 86 84 82 81 77 76 74 76 76 76 77 81 84 87 90 91 93 87 72 49 33 25 25 34 23 17 19 25 25 23 20 47 59 74 80 78 69 65 65 66 63 59 55 54 50 46 42 41 40 40 38 36 34 33 31 29 29 29 29 
30 30 30 30 30 30 30 30 31 31 31 32 32 32 33 33 36 35 33 33 33 35 36 37 39 42 44 47 48 52 57 61 69 58 67 81 74 65 93 134 164 175 155 131 139 159 137 76 80 86 93 93 88 86 86 86 84 82 78 74 72 70 68 69 74 73 74 74 76 79 82 83 80 88 91 84 67 52 43 41 32 22 22 31 38 37 41 52 70 75 80 80 74 67 62 62 62 60 55 52 51 48 43 40 39 38 39 37 35 33 32 31 28 28 28 28 
29 29 29 29 29 29 29 29 31 31 31 32 32 32 33 33 35 35 32 32 33 35 36 37 39 41 43 45 46 50 55 59 65 59 65 80 77 65 87 130 173 156 126 114 151 179 121 41 71 82 93 92 87 85 84 83 78 75 72 69 67 66 68 69 73 73 72 73 73 74 77 77 78 82 86 86 82 76 69 64 51 43 46 55 60 60 66 79 81 77 73 69 68 64 60 58 58 56 53 50 48 45 41 38 39 38 37 35 34 33 31 31 30 28 28 28 
29 29 29 29 29 29 29 29 31 31 31 32 32 32 33 33 35 34 32 32 33 34 35 36 37 39 42 44 44 48 53 56 53 65 64 62 74 85 83 81 111 132 158 157 164 148 75 26 66 77 86 82 78 78 77 74 73 71 70 69 67 68 68 71 70 70 69 68 69 70 71 72 79 77 78 82 85 86 82 77 77 74 72 75 74 71 72 78 81 71 63 60 60 61 57 55 54 52 50 47 45 42 39 36 37 36 35 34 33 32 31 30 29 27 27 27 
30 30 30 30 30 30 30 30 31 31 31 32 32 32 33 33 34 34 31 31 32 34 35 36 36 38 40 42 42 46 50 54 50 68 62 53 71 85 76 65 57 90 142 135 109 73 29 41 62 71 76 70 67 71 69 64 67 66 65 65 66 66 65 66 67 67 64 64 63 64 65 66 69 70 69 72 78 80 79 76 79 80 79 74 72 72 70 65 68 65 62 59 57 54 51 52 51 51 47 45 44 41 37 34 35 35 35 34 32 31 31 30 29 27 27 27 
30 30 30 30 30 30 30 30 31 31 31 32 32 32 33 33 32 32 31 30 31 33 35 36 35 37 39 41 41 44 49 53 57 64 59 59 67 66 68 88 77 51 44 25 23 25 14 60 69 75 77 72 69 74 72 64 61 63 62 62 61 59 58 57 63 63 61 60 60 61 62 62 60 62 64 67 70 73 75 76 66 72 73 67 67 73 70 60 59 63 67 64 56 49 47 50 51 51 47 44 42 40 36 35 35 34 34 33 32 31 31 29 29 27 27 27 
32 32 32 32 32 32 32 32 35 35 35 35 35 35 35 34 31 31 31 32 32 31 31 31 33 36 39 41 42 43 46 49 54 55 57 60 63 68 71 73 72 65 54 45 44 51 61 68 75 74 72 70 67 65 63 63 61 62 62 60 59 57 57 56 54 55 55 57 57 59 60 59 62 63 65 69 69 70 69 69 71 71 70 69 68 67 67 66 62 61 59 56 54 51 50 50 47 48 46 44 41 40 38 37 35 35 34 33 32 31 30 29 31 31 31 31 
32 32 32 32 32 32 32 32 35 35 35 35 35 35 35 34 31 29 29 30 30 30 31 31 33 35 38 40 41 42 45 48 51 52 54 58 61 64 67 68 72 68 62 58 58 62 68 71 71 70 68 66 66 63 62 61 60 59 58 57 55 53 53 50 49 50 51 53 54 56 57 57 60 61 63 65 66 66 66 65 68 67 67 66 65 64 63 63 59 58 56 54 51 49 47 47 48 48 46 44 41 39 37 36 35 34 34 33 31 31 30 29 31 31 31 31 
32 32 32 32 32 32 32 32 34 34 34 34 34 34 34 33 31 30 31 31 32 32 32 33 34 36 39 41 41 43 46 46 47 48 51 54 57 60 62 64 69 70 70 70 70 70 70 69 67 64 64 62 60 58 57 56 55 54 53 51 51 50 48 48 46 45 46 47 49 50 51 51 54 56 57 59 60 60 60 59 61 61 60 59 58 57 57 56 53 52 51 49 46 44 42 43 46 46 45 42 40 38 36 35 34 34 33 32 31 30 30 30 30 30 30 30 
32 32 32 32 32 32 32 32 34 34 34 34 34 34 34 33 31 30 30 31 31 32 32 32 33 35 38 39 39 41 43 46 46 46 48 51 54 57 59 60 62 64 67 69 69 67 64 62 61 59 59 57 55 53 53 52 50 50 49 47 48 46 45 44 42 42 43 44 45 46 47 47 50 51 53 54 55 55 55 54 56 56 55 54 53 52 52 51 49 48 47 45 43 41 40 40 44 44 42 41 38 37 35 34 33 33 32 32 31 30 30 30 30 30 30 30 
32 32 32 32 32 32 32 32 33 33 33 33 33 33 33 32 30 29 30 30 31 31 32 32 31 34 36 37 37 38 41 43 45 46 48 50 53 55 57 58 58 59 61 62 62 61 59 57 57 57 55 54 53 51 50 49 47 47 48 47 45 44 44 43 41 41 42 42 43 44 45 45 47 48 50 52 53 53 53 52 53 53 52 51 50 49 49 48 48 47 46 44 42 41 39 41 41 41 40 38 37 35 34 33 32 32 31 31 31 30 30 30 30 30 30 30 
32 32 32 32 32 32 32 32 33 33 33 33 33 33 33 32 30 29 29 30 30 31 31 31 30 32 35 36 35 36 39 41 42 43 45 47 50 52 54 55 57 57 57 57 57 57 57 56 53 53 51 50 49 48 47 46 44 44 45 44 43 42 42 41 39 39 39 40 40 41 41 42 44 45 47 49 49 49 49 48 49 49 48 47 46 45 45 44 45 44 43 42 40 39 38 39 39 39 38 37 35 34 32 32 31 31 30 30 30 30 30 30 29 29 29 29 
32 32 32 32 32 32 32 32 32 32 32 32 32 32 32 31 30 30 30 30 31 31 32 32 30 33 35 35 35 36 38 39 39 40 41 43 46 48 50 50 53 54 54 55 55 54 54 53 49 48 48 47 45 44 44 44 42 42 41 40 40 39 39 39 37 36 36 36 37 37 37 37 39 41 42 44 45 45 45 44 45 44 44 43 42 41 40 40 41 40 39 38 37 36 35 36 37 37 36 35 34 32 31 31 30 30 30 30 30 30 30 30 29 29 29 29 
32 32 32 32 32 32 32 32 32 32 32 32 32 32 32 32 31 30 30 30 31 31 32 32 30 32 34 35 34 35 37 39 38 37 38 40 42 44 46 47 48 49 51 53 53 51 49 48 46 44 44 43 42 41 41 41 39 39 38 37 37 37 36 36 35 33 33 33 34 34 34 34 36 37 39 41 42 42 41 41 41 41 40 39 38 37 37 36 38 37 37 35 34 33 32 34 36 36 35 34 33 32 31 30 29 29 30 30 30 30 30 30 29 29 29 29 
29 29 29 30 30 31 31 31 34 34 34 34 34 34 34 34 33 33 33 33 33 33 33 33 33 33 34 35 37 38 38 37 36 37 38 40 41 43 44 44 45 46 47 48 48 47 46 43 41 41 41 40 39 38 39 39 37 36 36 36 37 37 36 34 34 34 34 34 34 34 34 34 37 37 37 38 38 39 39 39 39 39 39 38 38 37 37 37 38 37 36 35 34 33 32 33 35 36 35 34 33 32 31 31 29 29 29 29 29 29 29 29 29 29 29 29 
29 30 30 30 31 31 32 32 34 34 34 34 34 34 34 34 33 33 33 33 33 33 33 33 32 33 33 34 36 36 37 38 36 36 37 38 40 41 42 43 43 44 45 46 46 45 44 43 41 39 40 39 38 37 38 37 36 36 36 35 37 36 36 36 34 33 33 33 33 33 33 33 35 35 36 36 37 37 38 38 38 38 37 37 36 36 35 35 35 34 34 33 32 31 30 31 35 35 35 34 33 32 31 30 29 29 29 29 29 29 29 29 29 29 29 29 
30 30 31 31 32 32 32 33 34 34 34 34 34 34 34 34 33 33 33 33 33 33 33 33 31 32 32 33 34 35 35 36 34 35 36 37 39 40 41 41 42 42 44 44 44 44 42 41 38 37 37 36 37 36 36 35 35 35 37 36 36 35 36 35 32 32 32 32 32 32 32 32 34 34 35 35 36 36 36 37 37 36 36 36 35 35 34 34 33 33 32 31 30 30 29 29 34 34 34 33 32 31 31 30 29 29 29 29 29 29 29 29 29 29 29 29 
31 31 31 32 32 33 33 33 34 34 34 34 34 34 34 34 33 33 33 33 33 33 33 33 30 31 31 32 32 33 33 34 33 33 34 35 36 37 38 38 38 39 40 41 41 40 39 37 34 34 34 33 34 34 33 33 34 34 35 35 34 34 34 33 30 30 30 30 30 30 30 30 32 32 32 33 33 34 34 34 34 34 34 33 33 32 32 32 32 32 31 31 30 29 29 29 32 33 32 32 31 31 30 30 29 29 29 29 29 29 29 29 29 29 29 29 
31 31 31 32 32 33 33 33 34 34 34 34 34 34 34 34 34 34 34 34 34 34 34 34 31 31 32 32 32 33 33 32 31 32 32 33 34 35 35 36 35 36 37 38 38 37 36 35 33 31 33 32 32 32 33 32 34 34 34 33 34 33 33 33 31 29 29 29 29 29 29 29 30 30 30 31 31 32 32 32 32 32 32 31 31 30 30 30 32 32 31 31 31 30 30 32 31 31 31 31 30 30 30 30 29 29 29 29 29 29 29 29 29 29 29 29 
30 30 31 31 32 32 32 33 34 34 34 34 34 34 34 34 34 34 34 34 34 34 34 34 31 31 32 32 32 32 32 32 33 31 32 32 33 33 34 34 33 34 35 36 36 35 34 33 31 29 31 31 31 31 31 31 33 33 32 32 32 32 32 31 30 28 28 28 28 28 28 28 29 29 29 30 30 31 31 31 31 31 31 30 30 29 29 29 30 30 30 30 30 30 30 32 30 30 30 30 30 29 29 29 29 29 29 29 29 29 29 29 29 29 29 29 
29 30 30 30 31 31 32 32 34 34 34 34 34 34 34 34 34 34 34 34 34 34 34 34 32 32 32 32 32 32 32 32 33 33 33 34 34 34 35 35 34 35 36 37 37 36 35 32 30 30 30 30 31 31 31 31 32 32 32 32 31 31 32 30 30 30 30 30 30 30 30 30 30 30 31 31 32 32 32 33 33 32 32 32 31 31 30 30 30 30 30 30 30 30 30 30 29 29 29 29 29 29 29 29 29 29 29 29 29 29 29 29 29 29 29 29 
29 29 29 30 30 31 31 31 34 34 34 34 34 34 34 34 34 34 34 34 34 34 34 34 33 32 32 32 32 32 32 32 33 33 33 34 34 34 34 34 33 34 36 36 36 36 34 33 30 30 30 30 31 31 31 33 31 31 32 31 31 30 31 30 31 30 30 30 30 30 30 30 30 30 30 31 31 32 32 32 32 32 32 31 31 30 30 30 27 27 27 27 27 28 28 28 28 28 28 28 29 29 29 29 29 29 29 29 29 29 29 29 29 29 29 29 
30 30 30 30 30 30 30 30 31 31 31 31 31 31 31 31 31 31 31 31 31 31 31 31 32 32 32 31 31 30 30 30 31 31 31 31 31 31 31 31 31 31 32 32 33 33 33 33 31 31 31 30 30 30 30 30 30 30 30 30 30 30 30 30 30 30 30 30 30 30 30 30 30 30 30 31 31 32 32 32 33 33 33 32 32 31 31 31 29 29 29 29 29 29 29 29 29 29 29 29 29 29 29 29 30 30 29 29 28 28 27 27 27 27 27 27 
30 30 30 30 30 30 30 30 31 31 31 31 31 31 31 31 31 31 31 31 31 31 31 31 32 32 32 31 31 30 30 30 31 31 31 31 31 31 31 31 31 31 32 32 33 33 33 33 32 32 32 31 31 30 30 30 30 30 30 30 30 30 30 30 30 30 30 30 30 30 30 30 30 30 30 31 31 32 32 32 32 32 32 31 31 30 30 30 29 29 29 29 29 29 29 29 29 29 29 29 29 29 29 29 30 30 29 29 28 28 27 27 27 27 27 27 
30 30 30 30 30 30 30 30 31 31 31 31 31 31 31 31 31 31 31 31 31 31 31 31 32 32 32 31 31 30 30 30 31 31 31 31 31 31 31 31 31 31 32 32 33 33 33 33 32 32 32 31 31 30 30 30 30 30 30 30 30 30 30 30 30 30 30 30 30 30 30 30 30 30 30 31 31 32 32 32 31 31 31 30 30 29 29 29 29 29 29 29 29 29 29 29 29 29 29 29 29 29 29 29 30 30 29 29 28 28 27 27 27 27 27 27 
