259 116
19 19 19 19 19 19 19 19 19 19 19 20 20 20 21 21 21 21 21 21 19 19 19 19 16 16 14 15 15 16 15 16 19 21 21 21 19 19 19 19 17 17 16 16 16 16 14 14 13 13 15 14 14 13 14 14 18 18 18 17 19 18 18 20 22 24 23 23 23 23 23 23 22 22 21 21 18 18 18 17 17 17 17 17 17 17 17 17 16 16 16 16 16 16 16 18 18 18 18 18 18 18 18 18 19 19 18 18 18 17 17 17 14 14 14 14 
19 19 19 19 19 19 19 19 19 19 19 20 20 21 21 21 21 21 21 21 19 19 19 17 16 17 15 15 16 16 16 17 20 22 22 22 20 20 20 20 18 18 17 17 17 17 15 15 14 14 15 15 14 14 14 14 18 18 18 17 19 18 18 20 23 23 23 23 23 24 24 24 22 22 21 21 18 18 18 18 17 17 17 17 17 17 17 17 16 16 16 16 16 16 16 16 17 18 18 18 18 18 18 18 19 19 18 18 18 17 17 17 14 14 14 14 
17 17 17 17 17 17 17 17 17 17 18 18 19 19 19 20 22 22 20 20 20 20 18 18 17 16 16 16 16 16 17 18 20 22 22 22 22 22 20 20 19 19 18 18 18 18 18 18 17 17 16 16 15 15 16 16 19 19 20 20 19 19 19 20 24 25 25 23 23 23 23 23 22 22 20 19 19 18 18 18 18 18 18 18 18 18 18 18 17 17 17 17 17 17 17 19 18 18 18 18 18 18 18 18 19 19 18 18 18 17 17 17 15 15 15 15 
18 18 18 18 18 18 18 18 18 18 18 19 19 19 20 20 23 23 21 21 21 21 19 19 17 17 17 18 17 18 18 19 21 23 23 23 23 23 21 21 20 20 19 19 19 19 19 19 19 19 19 18 18 17 18 18 20 20 21 21 21 20 20 22 26 26 25 25 25 24 24 24 23 23 20 20 19 19 18 18 18 18 18 18 18 18 18 18 17 17 17 17 17 17 17 17 18 19 19 19 19 19 19 19 19 19 18 18 18 17 17 17 15 15 15 15 
18 18 18 18 18 18 18 18 18 18 19 19 19 20 20 20 22 22 22 22 20 20 20 20 18 18 18 18 19 19 18 20 23 25 25 25 25 25 23 23 23 23 22 22 22 22 22 22 22 22 21 21 20 20 21 20 22 22 23 23 22 22 22 22 26 26 25 25 24 23 23 23 21 21 21 20 20 19 19 19 19 19 19 19 19 19 19 19 17 17 17 17 17 17 17 19 19 19 19 19 19 19 19 19 19 19 18 18 18 17 17 17 15 15 15 15 
18 18 18 18 18 18 18 18 18 19 19 19 20 20 21 21 23 23 23 23 21 21 21 19 20 20 19 20 20 21 19 21 26 28 28 28 28 26 26 24 26 25 25 25 25 23 23 23 23 23 23 24 24 23 23 24 22 24 24 25 25 24 24 24 26 25 25 24 23 22 22 23 22 21 21 21 20 20 19 19 19 19 19 19 19 19 19 19 18 18 18 18 18 18 18 18 19 20 20 20 20 20 20 20 19 19 18 18 18 17 17 17 16 16 16 16 
17 17 17 17 17 17 17 17 17 17 17 18 18 19 19 19 24 24 22 22 22 22 20 20 21 20 20 21 19 20 20 22 26 28 28 28 28 26 26 25 27 27 27 25 25 25 25 25 26 26 26 25 25 26 26 26 23 24 24 26 25 25 24 24 25 25 24 23 22 23 22 22 20 20 19 19 19 18 20 20 20 20 20 20 20 20 20 20 18 18 18 18 18 18 18 20 20 20 20 20 20 20 20 20 19 19 18 18 18 17 17 17 16 16 16 16 
17 17 17 17 17 17 17 17 17 17 18 18 18 19 19 19 22 22 22 22 22 20 20 19 20 20 21 19 20 20 20 21 27 27 27 27 26 26 24 24 27 27 25 25 23 23 23 23 24 24 23 23 24 24 25 25 23 23 24 24 24 24 24 23 23 23 22 22 21 19 19 20 18 20 20 19 19 18 20 20 20 20 20 20 20 20 20 20 18 18 18 18 18 18 18 18 19 20 20 20 20 20 20 20 19 19 18 18 18 17 17 17 16 16 16 16 
16 16 16 16 16 16 16 16 16 17 17 17 18 18 19 21 20 20 20 19 19 19 20 19 19 18 19 20 21 20 21 24 25 27 28 29 27 28 27 27 27 28 28 29 29 28 27 27 26 26 25 25 25 25 26 26 26 26 27 26 27 26 26 25 23 23 22 23 22 21 20 21 21 22 22 21 22 22 21 21 19 19 20 20 20 20 20 20 19 19 19 19 19 19 19 21 22 21 21 21 20 20 19 19 19 19 18 18 18 17 17 17 17 17 17 17 
16 16 16 16 16 16 16 16 17 17 17 17 18 18 19 19 21 21 19 19 20 20 19 20 20 20 21 22 22 23 24 24 26 26 27 28 27 27 27 27 28 29 28 30 28 28 27 26 25 25 25 24 26 25 27 27 27 26 27 26 27 26 25 25 24 24 23 22 21 21 21 22 20 21 22 21 22 22 21 21 20 20 20 20 20 20 20 20 19 19 19 19 19 19 19 19 21 22 21 21 20 20 19 19 19 19 18 18 18 17 17 17 17 17 17 17 
17 17 17 17 17 17 17 17 17 17 17 18 18 19 19 19 20 20 20 21 20 21 21 21 22 23 22 23 25 26 25 26 27 27 26 27 28 29 28 28 26 27 29 30 30 29 28 28 27 27 27 26 27 26 26 26 27 27 28 27 26 25 27 26 26 26 25 23 22 22 23 24 21 22 23 22 23 22 21 21 21 21 21 21 21 21 21 21 19 19 19 19 19 19 19 21 22 22 21 21 21 20 20 20 19 19 18 18 18 17 17 17 17 17 17 17 
17 17 17 17 17 17 17 17 17 17 18 18 19 19 20 20 21 21 22 22 22 23 24 22 23 24 23 25 27 28 28 27 28 26 25 26 28 29 29 29 27 28 30 31 30 29 29 28 28 28 27 27 28 28 28 27 28 28 28 27 26 25 27 26 27 28 27 25 23 22 22 23 21 22 22 23 22 23 22 21 23 23 22 22 22 21 21 21 20 20 20 20 20 20 20 20 21 22 22 22 21 21 20 20 19 19 18 18 18 17 17 17 17 17 17 17 
17 17 17 17 17 17 17 17 17 17 17 18 18 19 19 19 22 22 22 23 24 25 24 24 24 23 24 26 26 28 30 29 26 26 25 27 28 30 29 29 27 28 30 31 30 29 28 28 28 28 28 27 29 28 28 28 28 28 29 28 27 26 28 28 28 29 28 27 24 23 23 24 23 25 25 25 24 22 23 22 24 24 24 23 22 22 21 21 20 20 20 20 20 20 20 22 23 23 22 22 21 21 21 21 19 19 18 18 18 17 17 17 17 17 17 17 
17 17 17 17 17 17 17 17 17 17 18 18 19 19 19 20 23 24 24 25 26 27 26 27 24 25 27 29 29 31 33 31 30 26 28 27 29 31 30 31 30 30 32 33 32 31 31 30 31 31 30 30 31 31 31 31 29 29 30 29 28 29 29 30 31 32 30 29 26 25 23 24 26 26 26 26 26 24 25 24 26 25 25 24 23 22 22 21 20 20 20 20 20 20 20 20 22 23 23 22 22 22 21 21 19 19 18 18 18 17 17 17 17 17 17 17 
18 18 18 18 18 18 18 18 18 18 18 19 19 19 20 20 23 24 25 26 26 27 28 29 28 29 29 32 34 36 37 34 33 30 31 31 33 35 35 36 36 35 36 38 36 36 35 34 35 35 35 34 36 35 35 37 35 34 35 34 33 34 33 35 36 38 35 34 30 29 27 28 29 30 30 28 28 26 27 26 27 27 26 25 24 23 22 22 21 21 21 21 21 21 21 23 24 24 23 23 22 22 21 21 19 19 18 18 18 17 17 17 17 17 17 17 
18 18 18 18 18 18 18 18 18 18 18 17 17 18 18 18 21 22 23 25 26 28 29 28 32 31 33 34 37 39 39 36 37 36 36 37 38 39 38 37 36 35 36 35 34 31 30 30 31 31 31 30 32 33 35 35 33 33 34 35 34 35 35 35 38 39 37 34 32 31 30 29 29 30 30 28 27 25 24 25 24 25 24 23 22 21 20 20 21 21 21 21 21 21 21 23 23 23 22 22 21 21 21 20 18 18 17 17 17 16 16 16 16 16 16 16 
19 19 19 20 20 21 20 20 19 19 19 19 20 20 20 18 19 19 22 23 28 29 31 32 32 32 33 35 36 40 40 42 41 47 51 47 39 36 40 42 41 28 29 32 26 22 23 22 18 20 19 19 28 29 25 30 35 35 34 34 37 36 35 35 38 39 37 36 35 34 34 32 32 29 28 27 25 24 21 21 19 21 20 19 18 17 18 18 20 20 22 22 24 25 25 25 23 23 22 22 22 21 21 21 18 18 17 17 17 16 16 16 16 16 16 16 
19 19 20 20 20 20 20 20 19 19 18 18 18 19 19 17 19 18 22 24 27 29 31 31 33 32 33 34 37 39 39 41 45 46 47 51 54 52 44 38 50 42 46 47 39 33 28 25 32 32 27 27 30 30 28 32 33 33 33 35 38 39 39 38 39 38 35 36 36 36 34 35 33 31 28 27 26 25 22 19 18 18 19 17 18 17 17 16 18 20 22 22 25 25 26 25 21 21 20 20 20 19 19 19 16 16 16 15 15 14 14 14 14 14 14 14 
19 20 20 20 20 20 21 19 20 20 18 19 17 18 18 19 21 22 23 26 29 31 33 32 33 33 35 36 38 40 41 39 48 42 37 36 39 45 51 55 44 45 46 48 48 50 53 54 58 57 55 52 51 50 50 51 47 46 44 42 43 42 38 38 40 41 39 37 37 38 36 36 35 35 32 31 30 28 25 23 20 19 20 19 19 18 18 19 21 21 23 23 25 25 26 26 23 21 20 20 20 19 19 19 17 16 16 16 15 15 14 14 14 14 14 14 
20 20 20 21 20 21 19 19 20 19 19 20 19 20 20 21 23 24 26 29 30 33 33 32 34 34 33 34 38 40 41 39 21 32 44 47 43 41 45 54 62 72 73 72 75 77 77 78 70 72 78 79 74 72 72 68 68 63 58 54 51 47 41 37 41 41 39 38 38 36 36 35 35 35 33 33 32 30 27 24 22 22 22 21 19 19 19 18 20 22 22 23 25 25 26 24 21 21 20 20 20 19 19 19 17 17 16 16 16 15 15 15 15 15 15 15 
19 19 20 20 21 21 20 20 19 20 20 19 21 22 22 23 26 27 28 30 32 33 32 32 29 29 31 33 35 38 41 37 32 32 37 39 42 50 63 76 63 82 84 75 79 75 60 55 64 73 91 99 90 86 86 76 78 72 66 62 59 56 50 48 45 44 40 38 38 37 36 35 36 35 32 31 33 32 28 27 25 24 23 23 21 21 20 20 21 23 23 24 25 25 24 24 21 21 20 20 20 19 19 19 17 17 17 16 16 16 15 15 15 15 15 15 
20 20 20 21 21 20 20 20 20 20 19 21 22 23 24 25 29 29 31 33 33 34 33 31 27 27 29 32 36 39 42 40 48 40 36 45 58 67 70 72 62 64 32 5 24 55 71 87 58 69 95 108 93 89 90 77 73 67 67 69 69 70 69 63 51 48 44 41 40 37 35 36 34 35 32 32 34 33 29 28 27 26 25 23 20 20 21 21 20 22 23 23 24 25 24 24 21 21 20 20 20 19 19 19 18 18 17 17 16 16 16 15 15 15 15 15 
20 20 21 21 20 20 20 18 20 21 20 22 22 24 25 26 31 31 33 33 32 33 31 29 27 27 30 33 38 42 46 48 33 46 63 74 71 56 36 25 10 38 38 41 76 97 85 78 69 77 104 116 97 93 95 81 69 67 69 75 79 83 83 78 61 54 50 47 44 41 38 37 36 35 35 36 36 36 33 31 27 26 24 24 22 21 22 22 21 23 24 23 24 23 22 22 21 21 20 20 20 19 19 19 18 18 18 17 17 16 16 16 16 16 16 16 
20 20 21 19 20 18 18 19 21 19 21 21 23 24 25 26 30 31 32 32 32 31 29 27 26 26 30 35 42 48 52 58 74 82 77 47 14 0 18 42 26 52 42 39 73 96 83 70 85 91 117 124 102 98 103 91 75 74 75 83 89 93 93 86 74 64 58 53 49 46 41 39 38 36 35 35 37 37 36 32 28 27 25 23 22 20 20 21 22 21 22 23 22 23 22 22 21 21 20 20 20 19 19 19 18 18 18 17 17 17 16 16 16 16 16 16 
20 20 21 22 23 21 22 21 20 21 22 23 24 24 25 28 33 35 35 36 31 30 29 29 38 32 33 45 52 54 61 79 95 96 41 0 0 21 46 45 45 36 44 83 112 95 67 61 78 98 119 119 111 113 114 100 93 96 97 93 100 113 115 98 81 78 69 70 59 52 55 32 41 40 39 37 40 39 38 34 33 30 27 25 26 23 22 21 23 22 23 23 22 22 25 26 21 21 20 20 20 19 19 19 19 18 18 18 17 17 16 16 15 15 15 15 
20 20 21 22 21 22 21 21 21 20 22 23 23 25 26 27 34 36 36 37 33 31 30 30 21 31 43 48 57 71 75 82 75 78 37 0 13 48 56 43 49 55 74 101 111 91 70 67 102 111 116 102 88 91 98 92 81 95 105 108 112 123 126 111 105 88 70 71 66 56 59 41 42 39 36 36 37 37 35 33 34 31 27 26 25 24 21 20 23 23 21 21 20 22 23 25 21 21 21 20 20 19 19 19 19 19 18 18 17 17 16 16 15 15 15 15 
19 19 20 21 22 22 21 22 21 22 23 23 25 27 28 29 36 37 39 37 35 34 35 34 28 47 56 59 77 94 81 63 53 49 18 9 37 67 63 48 62 79 97 105 96 79 71 71 87 98 110 103 91 94 94 84 89 108 126 132 137 144 148 135 126 101 75 81 79 64 64 53 45 41 37 37 38 38 36 34 34 33 29 28 26 26 22 21 24 23 21 22 21 22 23 23 22 21 21 21 20 20 19 19 19 19 18 18 18 17 17 17 15 15 15 15 
20 20 21 22 22 21 22 22 23 23 23 25 27 30 31 32 37 37 39 37 36 35 36 37 50 57 61 69 83 81 48 21 44 34 7 8 42 67 67 61 83 91 98 90 76 74 78 76 74 89 108 107 99 101 101 89 108 120 131 137 143 151 154 146 132 115 91 100 99 74 68 60 49 44 40 38 39 37 36 36 35 34 32 29 27 26 24 21 23 23 22 20 21 21 23 23 22 22 21 21 21 20 20 20 19 19 19 19 18 18 17 17 16 16 16 16 
21 21 22 23 21 22 23 22 24 25 25 27 28 30 32 33 36 37 38 37 35 36 37 41 54 55 67 75 62 29 1 0 42 33 14 17 43 61 64 68 89 84 84 81 79 90 93 76 85 95 106 97 88 96 109 107 133 131 126 129 138 150 153 149 132 128 113 125 123 90 74 66 55 49 43 40 40 39 38 38 38 37 33 32 30 28 26 22 24 24 23 21 21 21 21 23 22 22 22 21 21 21 20 20 20 20 19 19 18 18 18 18 16 16 16 16 
21 22 23 23 22 23 23 23 26 25 27 30 30 33 35 36 36 37 38 38 37 37 40 46 53 65 83 80 39 0 0 29 41 42 34 36 52 60 62 68 81 68 74 87 94 104 97 67 56 78 102 105 97 108 124 123 119 108 99 101 112 122 126 126 134 144 128 138 142 107 83 69 60 53 47 43 42 40 38 40 41 40 35 32 32 28 25 24 25 23 23 21 22 21 21 21 21 23 22 22 21 21 21 20 20 20 20 19 19 19 18 18 17 17 17 17 
20 20 21 22 23 24 24 24 25 26 28 29 32 35 37 36 38 38 40 39 40 41 45 50 63 74 79 58 20 0 25 62 46 51 45 42 53 62 64 68 79 60 71 88 88 89 81 54 45 79 118 125 115 119 126 123 140 135 132 140 150 156 156 160 147 160 132 135 151 126 96 72 65 55 49 45 43 42 40 41 41 42 37 34 33 31 29 25 26 24 24 22 22 21 21 23 23 23 23 22 22 21 21 21 21 21 20 20 19 19 18 18 17 17 17 17 
22 23 24 22 23 24 24 22 26 25 27 28 31 34 36 36 37 37 38 39 40 42 50 59 72 76 58 24 4 13 41 59 54 56 45 37 47 64 73 79 89 67 74 84 73 66 63 44 94 121 144 134 108 106 117 119 121 126 135 147 155 154 153 159 153 164 129 132 158 148 118 83 76 63 52 45 43 40 39 40 41 41 36 33 32 31 27 26 24 25 24 21 20 21 21 21 21 21 21 20 20 22 21 21 21 21 20 20 19 19 19 18 17 17 17 17 
26 26 26 24 24 26 27 26 25 26 28 29 30 30 34 33 33 29 32 37 36 46 60 66 97 51 34 38 23 24 50 63 58 42 35 47 59 64 70 79 89 47 74 73 70 73 43 73 128 148 148 119 95 98 114 122 119 128 135 140 145 139 134 140 159 157 132 132 162 158 139 142 88 61 67 44 37 47 26 42 43 43 38 33 32 28 29 27 25 25 24 22 22 21 20 20 20 19 19 19 18 20 19 19 19 19 20 20 22 21 21 21 17 17 17 17 
29 26 26 25 24 25 26 25 24 26 27 28 27 29 31 33 28 27 33 36 34 45 65 76 77 42 37 45 30 29 52 61 45 40 42 50 48 48 62 81 89 40 59 65 82 109 105 143 127 127 116 101 107 125 135 129 126 126 138 162 161 133 125 142 152 157 129 134 188 186 134 107 94 67 60 49 48 49 36 43 43 42 38 33 31 29 28 27 23 24 23 22 20 21 20 20 18 18 17 17 18 18 19 19 19 19 21 20 22 21 21 21 18 18 18 18 
28 27 27 26 25 27 29 26 25 27 29 29 29 31 33 33 29 30 37 39 37 50 70 79 41 25 32 46 33 36 55 62 55 51 51 52 50 50 65 83 67 28 50 64 81 100 85 105 118 109 92 84 96 120 124 114 139 121 125 151 149 115 125 175 166 167 127 121 175 181 131 101 119 92 56 56 56 45 50 46 45 44 40 35 32 31 29 28 24 24 23 22 21 20 21 21 18 18 17 17 19 18 20 20 20 19 21 21 22 22 21 21 18 18 18 18 
29 29 27 27 27 28 28 27 27 27 29 31 31 32 36 36 33 31 36 40 43 59 70 73 21 16 36 48 37 42 61 64 63 59 58 68 73 68 55 47 47 24 47 60 63 61 35 36 26 30 29 24 35 56 71 76 117 108 115 136 127 92 104 154 134 128 118 129 163 182 177 167 152 122 60 60 58 38 56 46 48 47 40 37 34 30 28 27 24 25 24 23 22 20 22 22 18 18 18 18 19 19 20 20 20 20 21 21 23 22 22 22 19 19 19 19 
31 30 28 29 28 29 29 29 28 31 33 34 34 35 39 37 38 31 33 41 54 69 68 55 17 20 42 51 37 47 64 61 53 56 64 74 73 53 24 2 2 0 1 4 1 0 0 6 4 10 10 2 0 3 13 17 20 44 78 107 113 96 103 133 145 123 144 172 172 174 185 173 150 127 70 67 61 42 58 42 50 49 42 39 35 33 31 30 26 26 25 24 23 21 23 23 19 19 18 18 19 19 21 21 20 20 22 21 23 23 22 22 20 20 20 20 
32 30 29 28 28 29 29 28 29 30 32 34 34 37 41 40 40 32 34 45 60 73 59 32 22 30 50 54 39 50 65 54 49 51 48 36 22 15 15 15 31 25 29 32 23 25 37 41 30 28 29 33 43 51 53 51 35 36 27 20 32 65 115 163 150 128 148 178 177 184 196 179 124 114 85 75 67 59 59 42 49 48 41 37 35 32 29 28 26 25 24 23 23 22 22 24 19 19 19 18 20 20 21 21 21 21 22 22 23 23 23 22 21 21 21 21 
31 31 30 29 29 32 32 29 30 32 34 35 36 39 43 40 36 35 40 52 64 72 50 16 27 37 57 58 41 54 63 40 34 30 24 14 12 24 45 57 58 60 61 64 51 43 50 40 59 52 49 51 59 65 63 59 70 70 60 51 45 39 46 70 130 150 157 157 166 174 164 149 127 124 117 80 63 71 57 48 50 49 42 38 35 32 29 28 27 26 25 24 23 23 23 22 20 20 19 19 20 20 21 21 21 21 23 22 24 23 23 23 22 22 22 22 
31 29 29 28 30 30 30 30 29 30 33 34 37 39 44 41 32 35 46 58 66 69 44 10 29 42 62 59 41 54 58 22 0 0 10 31 56 73 74 65 74 72 62 64 57 52 63 50 44 48 51 53 58 63 72 78 78 74 71 77 69 42 26 44 41 131 154 145 173 174 142 132 159 152 150 84 55 75 53 54 50 47 42 36 33 31 27 26 25 25 23 22 22 22 22 23 20 20 19 19 20 20 22 21 21 21 23 22 24 24 23 23 22 22 22 22 
30 30 31 31 33 32 31 29 31 32 34 36 38 41 45 42 35 43 40 49 73 60 24 15 29 58 65 52 51 48 26 0 5 16 41 59 69 76 76 75 71 65 58 52 49 48 47 46 48 49 50 55 57 62 64 65 67 66 68 70 72 67 59 63 62 38 80 159 155 142 141 81 139 160 146 146 50 88 51 52 51 49 45 40 37 34 29 27 29 27 24 23 24 25 23 21 23 22 21 20 21 20 21 21 21 21 23 23 26 26 26 26 23 23 23 23 
30 31 31 32 31 31 30 29 31 31 33 36 38 39 44 42 33 42 45 57 74 52 21 23 32 59 67 53 37 27 23 18 28 32 48 58 62 64 62 57 60 56 51 46 46 45 45 45 50 51 53 55 57 58 59 58 56 56 57 58 61 59 54 60 79 70 68 102 121 137 137 80 143 176 167 155 54 79 50 53 50 49 43 40 35 32 28 25 27 28 24 23 24 23 23 21 22 22 21 20 21 20 21 21 22 22 24 24 26 26 26 26 23 23 23 23 
31 31 31 33 32 32 31 31 32 34 36 37 39 40 45 43 35 41 50 69 73 42 16 25 36 59 66 47 22 11 30 50 52 50 59 59 58 55 51 49 52 49 44 43 42 43 43 46 50 52 54 56 58 58 55 54 51 48 47 51 53 55 52 62 79 91 61 64 108 155 160 103 137 186 181 159 58 70 51 55 50 49 44 41 36 33 30 29 30 28 25 24 25 24 22 22 22 21 21 20 21 20 22 21 22 22 24 24 26 26 26 26 23 23 23 23 
32 31 32 32 32 32 32 31 32 33 35 38 38 42 44 44 42 39 51 73 72 32 9 23 41 64 60 31 13 21 48 68 57 54 57 53 50 50 48 44 46 44 41 39 39 41 41 44 49 53 53 56 56 56 52 51 47 46 44 46 49 52 53 61 69 86 69 66 98 144 156 101 129 187 185 162 69 62 54 53 48 48 42 39 37 34 31 28 29 27 25 23 24 25 23 21 20 21 21 20 21 21 22 22 23 23 25 25 26 26 26 26 23 23 23 23 
31 32 34 33 34 35 35 33 33 35 37 39 40 43 45 46 49 41 52 74 67 28 7 19 47 67 50 15 16 48 67 66 60 58 57 52 48 49 49 46 46 43 40 39 39 40 40 43 45 49 50 53 52 52 52 49 47 46 47 47 50 51 55 59 65 67 72 79 69 93 117 75 140 198 193 167 92 58 57 49 49 48 43 40 38 36 32 30 30 28 26 24 25 24 23 24 22 21 21 21 23 22 24 24 25 24 26 25 27 26 26 25 23 23 23 23 
32 33 33 35 35 35 36 35 35 34 37 41 41 42 47 47 54 43 55 73 60 24 8 17 56 61 39 17 35 68 73 58 67 67 64 57 52 52 50 48 47 45 40 39 39 39 39 41 40 44 45 48 50 50 49 47 49 50 50 52 53 55 58 57 59 49 64 82 60 72 118 106 161 212 205 185 118 52 52 43 47 47 43 39 37 35 32 30 29 27 25 24 24 24 24 23 21 22 22 22 24 24 26 26 26 25 27 26 27 26 26 25 23 23 23 23 
33 33 33 36 36 36 37 36 36 37 39 42 42 43 48 48 50 49 65 76 52 19 11 20 60 50 33 37 59 72 61 60 70 76 71 64 61 60 57 52 51 47 42 39 39 40 40 39 37 40 43 46 47 48 46 47 49 53 59 61 62 63 66 62 45 43 50 68 71 89 136 149 167 215 212 195 134 40 47 43 47 48 44 42 40 38 35 32 31 30 27 25 26 25 25 25 23 24 24 24 26 26 28 28 26 26 27 26 27 26 26 25 23 23 23 23 
33 34 34 34 35 36 36 35 34 35 39 40 41 44 46 49 46 51 70 74 43 15 18 29 66 39 26 48 71 63 53 68 66 71 68 62 61 61 59 54 52 48 42 40 39 40 40 39 37 40 43 46 48 49 47 48 49 56 62 65 65 66 70 66 49 60 45 49 73 86 117 141 154 204 208 198 139 32 42 44 47 48 43 40 39 36 34 33 32 30 28 26 27 27 25 26 24 26 26 27 27 29 29 29 27 26 28 27 27 26 26 23 23 23 23 23 
32 34 34 37 37 38 38 37 39 39 40 42 42 45 49 50 47 49 64 66 41 20 30 46 73 42 32 54 65 64 66 70 69 68 64 61 57 54 54 53 50 47 43 43 42 42 42 41 44 49 52 51 46 44 48 52 51 53 56 55 57 60 65 67 61 58 58 66 67 67 97 143 144 202 204 219 118 33 39 39 50 50 44 40 38 35 32 31 31 30 30 29 30 30 27 25 31 31 30 29 29 30 29 29 28 28 27 26 26 25 24 24 23 21 21 21 
32 31 34 34 36 37 38 37 38 38 40 41 41 46 49 51 49 49 62 63 36 16 31 48 71 42 31 51 60 60 67 73 67 64 62 57 53 52 52 51 48 46 44 42 44 43 44 42 45 51 55 53 47 45 47 51 51 53 53 55 54 58 63 66 71 71 64 63 63 62 81 116 153 213 246 187 93 32 32 53 48 48 44 40 36 36 32 31 30 32 30 30 31 31 29 28 31 33 32 31 31 30 29 29 28 28 27 26 26 25 24 24 21 21 21 21 
30 31 33 34 36 40 42 39 39 40 42 43 43 47 50 51 50 51 62 63 33 11 29 49 68 44 39 59 65 59 65 71 67 65 60 57 53 52 52 51 47 44 43 41 43 43 41 42 47 51 51 50 46 45 47 50 48 50 53 54 54 57 62 66 68 70 63 60 64 67 76 97 162 197 202 146 104 9 37 47 49 48 44 41 39 36 33 32 30 32 30 33 34 33 31 31 31 31 30 29 29 28 27 27 26 26 25 24 24 23 22 22 21 21 21 21 
31 32 32 34 36 40 41 41 41 41 43 45 46 47 51 52 53 51 63 65 34 12 31 57 64 46 46 68 67 58 63 70 67 65 61 56 54 51 51 52 46 43 40 41 41 43 42 42 49 52 50 49 46 45 47 49 48 50 53 54 54 57 62 64 60 65 58 54 65 74 77 88 166 167 113 148 172 0 59 36 49 48 44 40 37 37 34 33 31 33 31 32 34 35 33 31 29 31 30 29 29 28 27 27 26 26 25 24 24 23 22 22 21 21 21 21 
33 34 33 35 36 40 42 42 43 44 47 48 48 49 52 52 54 52 64 67 40 15 36 65 59 44 49 72 71 59 60 67 68 66 63 58 55 52 52 54 46 43 41 41 42 42 43 44 51 51 50 48 45 45 47 49 49 51 51 53 54 58 61 63 57 61 56 53 66 76 81 88 168 160 124 194 217 18 67 45 51 47 45 41 40 38 35 34 33 35 33 35 37 36 34 33 31 31 30 29 29 28 27 27 26 26 25 24 24 23 22 22 21 21 21 21 
37 34 34 33 35 37 39 40 42 45 48 49 48 50 52 53 58 52 62 71 47 22 40 66 55 41 48 73 74 61 60 64 68 68 65 60 55 54 54 53 46 45 42 41 44 44 46 45 53 53 50 48 46 46 48 47 50 50 52 54 55 59 62 62 60 62 56 55 64 70 81 101 163 174 215 223 174 31 41 58 51 47 45 41 39 39 36 35 36 38 35 35 36 36 34 31 29 31 30 29 29 28 27 27 26 26 25 24 24 23 22 22 21 21 21 21 
38 37 36 34 35 37 39 39 44 47 49 51 50 51 53 53 62 52 60 70 48 22 34 59 51 39 47 73 75 64 62 64 70 70 65 61 57 56 56 55 47 47 44 43 46 47 46 47 56 53 50 47 47 48 47 48 51 51 53 53 55 58 63 63 61 59 55 58 64 69 90 123 177 201 247 219 111 29 34 56 53 47 45 42 41 39 37 36 39 40 37 39 39 36 33 30 29 29 28 27 27 26 25 25 24 24 23 22 22 21 20 20 21 21 21 21 
40 37 35 33 35 36 38 36 43 45 48 50 50 51 53 53 67 52 58 68 46 18 29 52 49 38 46 75 79 66 63 64 71 71 66 62 57 55 55 56 47 46 45 45 46 49 48 47 56 54 50 47 47 47 48 46 50 52 52 54 55 59 63 62 55 50 51 60 68 72 101 145 206 227 213 214 91 25 63 57 53 47 45 41 39 40 37 37 41 42 39 37 37 35 32 29 29 29 28 27 27 26 25 25 24 24 23 22 22 21 20 20 21 21 21 21 
37 38 38 38 40 39 38 34 44 44 47 49 53 56 56 56 55 72 46 67 62 9 23 48 54 27 39 81 85 71 65 63 76 74 68 62 59 60 59 56 49 49 48 46 44 47 52 58 53 54 51 50 50 51 52 51 53 51 52 54 56 61 65 63 45 43 56 68 71 75 112 172 223 233 191 151 83 28 54 66 51 46 44 43 44 44 42 42 41 41 37 37 36 34 32 30 27 27 26 25 25 24 23 23 21 21 21 20 20 19 19 21 19 19 19 19 
39 39 39 40 39 38 36 35 42 41 44 50 54 55 57 58 58 65 49 63 63 23 22 45 55 45 34 61 88 83 70 79 79 77 71 64 63 63 60 57 53 51 49 48 48 51 55 61 54 55 52 51 51 50 51 52 51 52 54 55 58 62 64 60 54 50 49 62 67 84 140 184 200 200 148 130 72 54 61 49 54 49 47 44 43 44 42 42 40 40 36 34 34 34 32 30 27 27 26 25 25 24 23 23 21 21 21 20 20 19 19 19 17 19 19 19 
41 41 41 42 41 39 38 36 40 42 46 51 56 58 59 60 63 57 54 59 65 45 21 41 57 61 36 47 92 95 75 85 82 79 76 68 67 67 64 60 57 55 54 53 54 56 59 64 56 55 54 53 51 52 53 52 52 54 55 58 61 61 62 58 55 54 44 67 73 97 165 175 159 190 159 135 40 47 58 57 58 52 50 47 46 44 41 41 40 40 36 36 36 34 32 30 27 27 26 25 25 24 23 23 21 21 21 20 20 19 19 21 20 20 20 20 
42 41 42 41 41 40 39 38 37 39 44 51 55 59 60 60 70 50 59 52 65 66 27 38 59 63 40 44 84 98 86 80 85 82 79 72 69 70 67 61 57 57 56 56 59 60 62 63 57 58 57 56 54 55 54 55 55 56 59 62 62 62 62 55 45 54 46 77 86 110 166 140 155 206 182 136 17 44 56 65 62 56 52 48 44 44 40 39 39 39 35 33 34 34 32 30 27 27 26 25 25 24 23 23 21 21 21 20 20 19 19 19 18 20 20 20 
40 41 43 42 42 42 42 41 39 40 44 50 55 58 62 64 74 53 60 48 64 77 39 37 65 57 41 42 57 88 102 87 88 83 79 74 71 72 68 62 59 59 58 59 63 64 63 63 61 60 59 58 58 59 58 59 58 59 62 62 63 63 62 57 44 52 51 78 97 121 149 113 175 205 166 97 21 64 65 54 63 57 53 49 46 43 39 38 37 38 34 35 35 34 33 31 26 26 25 24 24 23 22 22 20 20 20 19 19 18 18 19 18 20 20 20 
38 39 40 43 44 45 45 43 41 40 43 46 51 58 63 66 74 64 57 47 61 81 64 49 67 57 44 32 28 64 104 101 91 86 82 76 75 73 70 64 62 59 59 63 66 69 66 63 63 64 63 62 62 63 62 63 63 63 62 63 63 63 63 58 52 54 62 71 103 134 131 112 162 190 161 53 23 56 67 68 60 56 52 47 43 42 38 37 36 37 33 32 33 34 33 31 26 26 25 24 24 23 22 22 20 20 20 19 19 18 18 19 19 21 21 21 
35 37 38 42 45 47 48 49 47 45 44 47 51 56 62 69 70 76 52 48 61 83 96 69 64 72 55 33 23 40 75 95 94 88 86 81 80 78 74 67 66 63 63 68 72 73 71 67 68 67 66 65 63 64 65 66 67 67 64 63 63 63 61 58 58 54 76 74 122 158 120 127 165 189 169 23 41 51 69 76 57 53 50 46 44 41 37 36 36 36 33 34 35 34 33 31 26 26 25 24 24 23 22 22 20 20 20 19 19 18 18 19 19 21 21 21 
33 35 37 40 43 46 49 49 48 45 43 43 47 56 62 68 63 80 51 53 65 81 109 74 44 79 67 44 39 35 50 89 110 102 99 91 86 83 75 68 66 63 63 68 76 79 75 69 67 67 66 65 65 66 68 67 68 64 60 57 56 57 58 58 52 50 94 90 152 191 123 145 211 192 151 0 76 78 73 51 58 54 48 45 43 40 36 36 35 36 32 32 33 34 32 30 26 26 25 24 24 23 22 22 20 20 20 19 19 18 18 19 19 21 21 21 
38 39 39 39 40 45 52 57 50 48 50 48 47 52 58 62 66 72 67 65 60 74 98 82 54 30 37 57 56 68 76 43 89 117 118 107 97 80 77 72 65 67 54 72 91 79 78 78 64 64 69 70 68 68 69 70 63 62 54 44 42 49 55 51 43 69 84 122 192 199 166 164 218 211 43 22 79 56 78 66 56 52 47 45 41 38 35 34 32 35 33 33 29 29 26 25 23 23 23 22 22 21 23 23 24 24 23 23 22 24 24 23 22 22 21 21 
43 43 43 41 40 42 47 50 53 52 52 50 48 51 56 58 65 71 72 74 77 96 113 103 67 53 54 64 66 73 75 56 34 66 90 113 128 111 86 69 63 70 65 78 90 81 80 80 66 64 68 70 73 73 73 70 65 56 48 43 47 54 60 58 65 66 109 158 190 212 203 160 207 152 25 32 71 58 78 61 57 51 48 44 42 38 35 34 31 32 32 30 29 26 26 25 22 21 23 23 22 22 23 23 24 24 23 23 24 24 24 24 22 22 22 21 
47 48 47 46 43 42 44 45 55 55 56 54 52 53 54 55 63 67 73 79 83 87 83 75 51 62 65 75 85 84 81 82 85 73 55 55 76 79 74 78 73 78 85 87 86 80 78 76 72 70 73 76 78 79 77 70 64 55 49 52 61 64 70 74 68 86 151 194 199 213 208 156 167 75 16 48 69 61 71 53 53 50 47 43 41 39 36 34 30 33 32 30 29 26 26 25 22 22 24 23 23 22 24 24 24 24 24 23 25 24 24 24 23 22 22 22 
47 49 49 50 47 45 45 43 49 52 56 61 60 58 56 53 79 85 95 94 87 58 6 0 21 58 72 82 102 92 78 92 98 85 82 83 89 61 12 3 79 80 102 97 81 81 75 74 77 76 75 79 82 82 75 68 61 53 53 62 67 70 80 92 85 135 178 191 202 202 188 168 97 26 26 57 65 67 60 53 52 48 45 41 40 36 33 33 29 30 31 29 29 26 27 26 23 23 25 24 24 23 25 25 25 25 24 24 25 25 24 24 23 23 22 22 
43 46 48 51 50 49 50 50 45 49 58 65 68 66 62 56 51 60 87 101 115 85 17 14 27 74 86 85 95 77 58 80 101 96 107 105 100 70 15 15 88 75 109 104 79 82 71 72 81 82 80 82 83 80 72 65 53 55 62 70 74 80 96 115 134 165 176 170 182 189 171 151 30 18 47 57 63 67 49 59 49 46 43 40 39 37 35 32 29 32 32 30 29 27 28 27 24 24 26 25 25 24 26 26 25 25 25 24 26 25 25 25 23 23 23 22 
40 41 46 48 49 51 53 54 44 47 54 62 68 69 67 64 69 68 91 97 117 88 12 27 36 75 83 73 73 65 58 89 101 103 126 111 103 84 42 61 98 66 108 107 81 87 71 75 85 89 88 86 82 74 67 62 50 59 68 75 85 101 123 139 157 153 166 180 183 180 138 71 6 36 63 55 60 60 44 59 46 44 42 38 38 34 32 31 30 31 31 31 31 29 29 28 25 25 27 26 26 25 27 27 26 25 25 25 26 26 25 25 24 24 23 23 
37 40 45 47 48 52 56 58 54 52 51 55 62 68 73 73 70 62 80 84 114 89 9 37 33 66 77 68 62 62 71 97 112 111 126 92 78 82 60 97 108 54 103 112 87 95 75 83 89 97 96 90 81 71 64 59 55 65 73 77 101 134 156 164 140 155 170 186 191 152 77 15 31 55 64 57 52 47 49 51 45 43 40 37 37 35 33 31 30 34 33 32 32 30 31 30 26 26 27 27 26 26 28 27 26 26 25 25 27 26 26 26 24 24 24 23 
38 39 42 44 46 49 54 57 62 54 47 46 54 66 75 78 77 64 83 84 114 84 0 28 34 64 81 72 55 52 59 75 97 95 107 63 53 72 63 110 113 46 98 114 93 103 81 88 94 102 102 94 80 70 62 60 59 71 75 79 113 160 181 178 128 183 170 157 173 108 24 20 59 62 55 60 48 37 54 43 44 42 40 37 36 33 31 31 31 32 33 32 33 31 32 31 26 26 28 27 27 26 28 28 26 26 26 25 27 26 26 26 24 24 24 23 
35 37 41 41 43 45 49 51 60 64 66 59 51 54 69 83 74 72 67 73 97 111 80 33 7 7 9 11 3 0 0 11 31 35 35 35 35 35 38 42 36 63 100 120 117 103 92 92 101 100 92 87 79 74 67 63 66 65 72 90 126 169 193 192 174 180 202 190 104 18 17 60 70 60 52 46 42 39 39 41 46 44 42 39 39 38 37 35 34 36 34 32 34 32 31 29 29 28 30 29 28 27 28 28 26 26 25 24 25 24 24 23 23 23 23 22 
38 40 40 42 42 44 46 47 52 59 65 64 61 60 68 72 82 85 82 76 83 91 84 68 45 46 50 53 44 34 33 45 28 33 35 39 37 34 35 38 52 73 103 119 119 109 100 99 105 101 93 86 80 75 68 65 63 71 84 92 112 147 173 184 191 182 148 92 38 28 47 60 64 56 50 45 44 40 41 42 45 45 43 40 40 37 35 35 35 34 33 33 34 33 32 29 28 28 29 28 28 27 28 28 26 26 25 24 25 24 24 23 23 23 23 22 
39 41 42 43 42 42 44 46 48 54 64 70 71 69 70 67 77 86 91 86 77 78 89 101 94 98 103 107 98 87 84 93 82 87 92 96 91 83 82 84 91 102 118 127 124 117 108 105 105 99 92 85 81 78 74 71 67 81 95 97 95 114 141 154 172 134 68 13 8 44 70 60 60 54 52 49 47 44 44 46 47 47 45 42 41 40 38 36 36 37 35 34 35 34 33 30 28 28 29 28 27 26 28 27 26 26 25 24 25 24 24 23 23 23 23 22 
40 42 44 43 42 42 44 47 46 50 58 66 72 73 75 74 66 73 86 92 88 82 89 103 119 124 128 130 123 114 112 120 121 125 130 130 124 116 117 121 132 132 134 134 130 124 116 110 101 95 89 85 84 84 82 80 79 86 97 95 88 94 105 109 98 48 10 17 39 56 65 61 56 56 55 53 51 49 48 50 49 49 46 43 43 40 37 37 36 36 35 34 36 34 33 31 28 27 29 28 27 26 27 27 26 26 25 24 25 24 24 23 23 23 23 22 
41 43 44 46 45 47 50 52 52 51 52 56 65 74 83 87 82 77 80 92 98 92 87 89 119 123 127 126 121 118 119 126 134 135 138 134 126 121 125 135 146 142 139 136 134 128 121 113 96 89 86 86 90 92 92 90 93 88 90 92 90 86 78 64 26 0 5 47 67 60 55 63 59 59 61 61 58 54 53 52 51 50 48 44 44 42 40 37 36 38 36 34 36 34 33 31 27 27 28 27 26 25 27 26 26 26 25 24 25 24 24 23 23 23 23 22 
44 46 48 47 47 49 53 55 56 52 50 51 57 70 81 93 109 99 86 90 95 94 88 86 106 113 119 120 117 115 118 125 142 144 143 138 129 124 133 145 138 137 135 135 134 130 125 116 94 89 90 93 98 102 100 98 102 87 82 87 88 85 68 46 13 17 36 57 60 60 61 61 60 64 65 66 63 58 54 55 53 51 48 45 44 40 38 37 36 35 34 34 35 34 33 30 27 26 28 27 26 25 26 26 26 26 25 24 25 24 24 23 23 23 23 22 
50 52 53 54 52 53 55 58 59 59 58 57 59 65 73 85 110 114 107 97 89 89 92 93 94 106 119 123 122 121 120 124 140 143 141 136 124 120 125 137 135 135 136 138 136 132 122 112 98 95 97 102 107 110 106 102 98 84 80 83 82 78 71 56 43 54 63 62 54 60 65 60 65 68 71 71 67 61 57 55 54 51 49 45 44 42 39 36 35 36 34 33 34 33 32 29 26 26 27 26 26 25 26 26 26 26 25 24 25 24 24 23 23 23 23 22 
56 56 57 55 52 51 54 55 57 60 63 64 61 60 64 71 82 104 115 102 84 88 110 124 105 118 135 139 131 126 122 123 148 152 155 148 138 131 137 148 148 150 152 150 143 132 120 106 107 105 107 111 113 112 108 105 93 84 81 83 76 74 76 73 73 67 73 77 74 72 73 70 77 81 80 76 69 60 51 50 50 51 47 45 41 39 37 35 34 34 33 32 32 32 29 27 26 26 25 26 25 24 24 25 25 26 25 24 23 24 24 23 23 23 23 22 
48 52 57 59 61 63 67 68 61 62 64 67 67 69 73 73 65 69 91 89 89 136 121 174 169 166 141 157 150 122 140 135 150 149 157 157 146 153 166 163 162 168 169 161 145 131 123 125 119 118 118 120 120 117 110 103 92 86 82 76 78 80 85 86 84 86 78 90 93 92 108 98 107 100 90 80 67 52 41 42 46 49 45 42 41 40 37 36 36 35 32 31 31 32 30 28 26 24 23 24 23 24 24 23 23 25 24 24 23 22 22 21 22 22 22 22 
41 45 49 53 56 61 65 67 67 68 71 71 71 73 75 75 68 59 75 80 91 129 87 110 98 99 98 137 148 132 147 145 159 159 166 166 158 166 181 177 186 176 162 148 137 132 128 129 138 134 124 115 107 99 92 87 83 84 85 87 88 90 92 91 86 87 82 96 99 103 125 123 144 136 120 98 75 55 39 36 44 47 45 41 39 37 35 33 36 33 30 30 30 30 30 28 24 24 23 22 24 23 24 24 23 23 24 23 24 23 22 22 22 22 22 22 
39 43 47 51 54 56 61 63 71 73 75 78 80 82 85 85 86 74 82 85 96 118 47 53 47 48 61 116 149 153 169 170 175 177 182 181 177 184 192 188 191 177 154 143 141 141 135 131 135 128 115 102 93 87 83 81 82 85 89 93 95 94 92 86 81 84 80 91 94 101 135 140 170 161 138 108 80 61 46 40 47 48 45 42 41 39 37 35 37 36 33 32 32 31 31 29 25 24 24 23 24 23 24 24 24 23 25 24 24 23 22 22 23 23 23 23 
46 48 50 50 49 50 52 53 61 64 71 76 81 89 94 98 99 99 108 102 103 118 47 64 66 54 60 103 142 164 184 194 194 200 202 200 197 201 202 198 190 175 163 159 157 152 139 128 112 107 98 92 89 89 89 89 89 91 92 93 90 86 81 74 68 73 71 82 87 101 145 157 184 174 142 102 75 64 56 49 49 49 46 42 40 38 35 33 37 34 32 31 32 32 32 30 25 25 24 23 24 23 25 24 24 24 25 24 24 23 23 22 23 23 23 23 
48 51 52 54 53 53 55 56 60 63 69 75 81 87 93 98 104 113 124 118 121 133 63 82 82 65 68 88 128 170 191 207 216 225 224 219 218 217 215 209 194 187 177 170 160 147 132 123 103 100 97 95 96 96 96 95 92 90 87 83 79 75 71 68 60 67 65 80 89 109 159 179 197 187 147 98 69 68 66 59 53 51 48 45 43 41 38 36 39 37 35 34 34 33 33 31 26 25 25 24 25 24 25 25 25 24 26 25 25 24 23 23 23 23 23 23 
45 48 51 53 55 58 61 62 62 65 69 73 76 81 85 89 101 108 116 121 140 150 63 72 75 68 79 84 124 186 210 228 232 243 240 233 235 233 223 219 210 201 186 171 154 140 131 126 123 120 116 113 110 106 101 97 94 91 87 83 80 78 78 77 65 73 74 91 102 127 177 198 210 199 155 98 68 71 70 61 56 54 50 46 43 40 37 35 39 36 34 33 34 34 34 32 26 26 25 24 25 24 26 25 25 25 26 25 25 24 24 23 24 24 24 24 
44 48 52 56 58 61 65 67 68 70 73 77 79 81 84 88 98 105 111 117 143 153 60 69 79 83 99 81 115 195 226 239 243 251 249 242 246 241 230 225 219 208 195 180 167 156 151 145 142 135 129 124 119 113 107 103 100 99 96 93 91 90 90 88 81 88 89 109 122 144 190 205 214 205 162 103 71 76 73 60 58 56 53 49 47 44 41 39 41 39 37 36 36 34 34 32 26 26 25 24 26 25 26 26 25 25 26 25 26 25 24 24 24 24 24 24 
49 52 54 55 55 57 59 60 65 67 73 76 80 86 90 93 96 107 113 115 133 145 62 84 91 95 105 68 95 187 225 246 247 255 254 245 250 246 234 232 220 212 203 198 195 188 180 171 149 143 137 132 128 126 123 120 118 117 116 114 111 108 106 102 99 105 106 125 136 154 196 207 205 202 159 102 71 74 70 55 57 57 54 49 46 43 39 37 40 37 35 34 35 35 35 33 27 26 26 25 26 25 26 26 26 25 27 26 26 25 24 24 24 24 24 24 
51 53 54 57 57 59 64 66 72 73 76 80 83 87 93 97 96 105 115 117 131 141 59 75 86 82 88 79 47 84 177 208 237 253 245 251 250 236 240 239 233 234 226 220 204 192 194 172 172 176 160 154 165 162 150 145 140 153 146 149 116 160 138 128 123 123 139 158 166 167 187 216 195 188 161 93 58 68 54 50 55 56 54 50 49 47 44 43 40 38 35 35 34 33 33 31 27 26 26 25 26 25 26 26 24 24 25 24 24 24 23 23 24 24 24 23 
51 54 55 55 56 59 63 65 67 69 73 77 81 88 94 97 94 98 106 108 123 135 56 73 72 96 99 71 53 90 124 93 30 104 119 124 136 136 151 139 131 143 128 110 98 102 126 134 134 112 130 131 137 126 101 144 161 172 129 47 90 142 139 167 164 168 172 172 175 184 198 209 195 187 160 89 53 66 52 48 54 57 55 50 48 46 43 41 38 35 33 32 33 33 33 31 26 26 25 24 26 25 26 26 24 24 25 24 24 23 23 22 24 24 24 23 
52 55 56 58 59 61 66 68 70 72 76 81 85 91 97 100 102 104 110 110 126 140 63 81 81 109 108 76 72 88 72 26 50 115 123 96 83 93 123 133 126 140 129 113 120 129 144 164 156 126 160 145 136 124 84 145 166 176 157 22 85 146 163 187 194 197 191 180 182 200 207 202 196 189 159 88 51 63 51 49 55 58 55 52 50 48 45 43 38 37 34 33 33 32 32 30 26 26 25 24 25 24 26 25 24 24 25 24 24 23 22 22 24 24 23 23 
53 55 56 57 57 60 64 66 71 73 77 81 84 91 97 99 98 100 108 109 123 137 59 77 78 84 81 63 57 44 27 42 97 120 110 79 61 75 117 153 140 137 108 85 110 137 141 163 152 149 165 151 152 154 136 167 175 166 197 83 75 167 204 192 199 193 184 181 190 200 204 200 195 191 162 87 49 63 52 47 54 57 54 49 46 44 41 39 37 34 31 31 31 31 31 29 26 25 25 24 25 24 25 25 23 23 24 23 24 23 22 22 23 23 23 22 
52 54 55 58 58 61 65 67 71 72 75 78 81 85 90 92 87 93 103 103 118 130 50 67 96 100 102 70 46 34 47 119 116 127 122 91 84 113 138 155 129 131 137 124 144 158 135 144 164 170 143 161 175 156 168 170 194 163 168 106 45 167 209 200 201 184 177 192 198 192 192 203 196 193 166 91 53 68 58 49 56 56 53 49 47 44 40 39 38 36 33 33 32 31 31 29 25 25 24 23 24 23 25 24 23 23 24 23 23 22 21 21 23 23 22 22 
50 52 53 54 54 57 61 63 62 64 67 70 73 79 84 88 93 101 108 111 125 138 56 74 82 108 118 42 6 36 68 131 132 150 141 76 71 131 139 120 136 133 157 132 128 149 143 164 191 181 132 187 201 141 163 170 204 177 128 114 78 162 183 205 214 191 187 205 204 185 188 206 196 198 172 96 58 76 67 58 59 57 54 49 45 42 39 37 37 35 32 31 32 32 32 30 25 24 24 23 24 23 24 24 22 22 23 23 23 22 21 21 23 22 22 22 
47 50 51 53 54 56 61 63 62 64 68 73 78 84 90 95 107 111 114 113 127 142 68 89 101 123 127 28 4 80 115 145 139 151 142 65 59 134 149 134 126 113 160 139 118 142 135 145 157 151 132 185 197 143 153 179 198 183 136 152 153 140 166 205 223 211 205 209 200 185 191 210 193 200 179 103 69 90 86 74 67 61 57 53 51 47 44 42 39 37 35 34 34 33 33 31 24 24 23 22 24 23 24 24 22 22 23 22 22 21 21 20 22 22 22 21 
46 48 51 52 52 55 59 59 62 65 71 77 84 91 100 106 103 103 102 97 110 129 59 85 107 105 100 11 1 100 132 144 152 147 147 86 71 122 134 139 145 104 137 112 90 131 130 132 156 163 175 187 182 150 135 161 189 169 156 177 183 95 164 210 223 227 221 206 192 190 202 215 192 200 180 104 72 96 93 80 69 65 61 55 52 51 47 45 40 38 35 35 34 35 33 31 26 24 23 24 23 22 24 23 22 24 23 22 22 21 20 20 22 22 21 21 
45 47 52 56 57 60 64 64 75 75 77 76 77 78 79 82 91 93 95 104 123 126 48 84 63 83 42 14 28 102 145 150 130 122 118 109 72 79 130 132 145 113 115 144 96 102 121 141 162 149 157 162 143 141 154 152 181 199 173 207 179 78 118 212 215 229 199 192 201 191 201 217 193 175 174 88 72 80 78 77 72 71 67 62 58 54 50 47 49 47 44 41 43 44 41 39 29 29 28 29 28 27 29 28 26 26 26 25 26 25 24 24 22 22 22 22 
53 57 59 61 62 62 65 64 64 64 64 66 69 73 78 83 92 95 103 98 94 105 47 85 69 91 65 31 57 111 138 138 136 119 126 124 93 81 107 137 145 137 123 154 121 125 143 146 146 149 157 160 164 176 174 155 170 171 163 199 147 66 130 211 225 215 185 188 190 184 187 171 204 182 175 83 66 72 68 65 67 66 62 59 55 51 49 47 48 46 43 41 43 44 41 39 32 30 31 30 29 28 30 29 28 28 27 26 27 26 25 25 23 23 23 23 
56 59 60 61 61 60 61 59 56 56 60 61 67 73 80 87 91 89 99 90 77 104 59 85 52 76 74 66 93 128 142 143 139 110 127 124 108 87 78 138 138 157 115 156 145 138 154 144 156 181 188 188 206 208 167 123 175 204 214 182 67 34 156 232 228 205 186 200 202 209 230 207 216 190 177 81 61 69 63 58 62 61 56 53 51 47 46 44 45 43 43 40 41 41 39 37 31 31 32 31 31 30 31 31 29 29 28 28 29 28 27 27 24 24 24 24 
50 52 54 55 54 54 54 53 57 59 64 68 72 77 82 84 87 73 83 80 80 122 72 68 38 62 76 88 112 132 137 141 143 117 136 123 128 116 76 138 141 164 99 154 161 135 151 144 169 191 187 185 205 194 142 105 164 206 200 138 79 128 223 222 238 231 215 223 221 215 228 217 214 189 173 75 55 65 59 51 54 54 49 47 46 43 42 40 42 40 39 38 38 39 36 34 32 32 33 32 31 30 32 31 31 30 30 29 30 29 28 28 25 25 25 25 
42 46 48 51 52 52 54 54 61 63 70 72 73 73 74 73 77 68 83 84 86 127 67 54 53 70 89 104 116 122 125 130 131 125 144 123 142 140 77 105 163 174 101 165 177 140 154 161 169 173 160 163 183 171 143 139 184 203 149 80 96 185 249 238 231 240 206 205 226 208 195 198 202 183 170 72 51 63 55 48 48 49 44 41 40 38 37 35 38 36 35 34 35 35 33 33 32 31 33 32 31 30 31 31 31 30 30 29 30 29 28 28 26 26 26 26 
42 43 48 51 53 55 58 58 59 60 66 68 68 65 65 64 71 76 98 94 89 113 49 51 51 69 97 115 124 128 132 134 119 130 144 128 147 145 82 71 157 156 98 153 158 133 141 155 160 162 165 177 184 164 141 137 191 195 153 130 172 208 220 239 244 239 171 161 212 210 200 213 187 174 169 71 49 61 55 45 44 45 40 38 36 34 33 30 33 31 30 30 31 32 30 29 30 30 31 30 29 28 30 29 29 29 28 28 29 28 27 27 26 26 26 26 
41 45 49 52 53 55 58 58 56 57 59 59 61 62 66 68 78 86 95 90 97 113 40 56 55 78 109 131 129 128 126 119 104 117 118 115 125 120 90 69 152 155 125 154 148 154 153 158 169 177 194 203 195 180 157 129 173 140 105 123 188 204 186 209 218 203 147 149 196 203 198 199 175 171 174 75 51 61 55 45 44 44 39 37 34 31 30 27 30 29 27 25 29 30 28 28 28 28 29 28 27 26 28 27 28 28 27 26 27 26 25 25 25 25 25 25 
41 44 47 51 51 52 54 57 58 57 54 55 59 65 74 79 92 86 77 77 106 126 43 60 81 102 132 140 123 108 91 69 50 53 39 46 49 44 52 40 43 55 46 53 39 72 65 57 56 59 70 63 52 68 67 31 40 45 58 68 80 64 46 77 77 94 106 154 196 197 189 171 169 170 178 82 55 62 54 45 44 42 39 34 32 30 27 26 27 25 23 24 25 27 27 26 25 26 28 27 26 25 26 26 27 26 26 25 26 25 24 24 25 25 25 25 
44 46 48 51 52 50 48 47 51 51 53 56 61 71 80 84 68 85 84 90 117 105 18 72 90 113 140 145 95 26 4 23 30 33 31 39 33 29 44 34 34 32 31 33 35 33 27 21 27 26 25 24 24 24 26 26 26 25 23 21 20 21 22 25 29 16 38 39 116 209 185 171 200 190 185 85 60 67 55 45 46 44 40 37 33 30 26 25 27 27 25 23 24 24 24 23 24 24 26 26 25 25 27 27 25 24 24 24 25 25 24 24 22 22 22 22 
43 44 46 48 49 48 47 48 48 53 59 63 65 67 72 74 75 86 93 86 88 97 33 65 89 110 145 123 44 7 36 64 83 81 76 84 79 73 88 82 79 72 65 67 73 74 67 59 62 61 60 59 58 59 60 61 60 59 58 57 56 56 57 61 65 61 68 51 77 144 168 179 206 200 198 96 63 69 63 61 47 45 41 38 35 31 28 27 27 27 25 23 26 25 25 24 24 24 25 25 25 24 26 26 24 24 23 23 24 24 24 23 22 22 22 22 
41 41 42 44 44 47 48 47 46 53 63 67 67 66 68 68 84 87 99 80 64 96 53 70 97 118 146 106 23 26 93 115 120 116 105 112 110 101 116 114 113 100 89 88 96 100 95 87 86 85 83 81 81 81 82 82 80 80 80 81 80 79 78 82 84 91 91 87 75 113 183 199 211 199 190 88 57 59 50 44 49 49 45 40 37 36 32 31 30 28 27 26 27 27 26 24 24 23 25 24 24 23 25 25 23 23 22 22 23 23 23 22 21 21 21 21 
39 39 39 40 41 45 46 47 49 57 64 66 62 64 70 74 87 82 88 74 69 104 63 90 96 123 135 86 34 64 120 128 121 114 97 105 106 94 106 112 112 102 90 86 89 93 92 90 84 82 80 78 77 77 77 78 74 75 77 78 78 76 75 75 76 87 85 113 97 111 195 190 209 187 173 80 66 76 61 49 52 52 46 43 40 38 35 33 33 31 29 29 29 29 27 27 24 23 25 24 23 22 24 23 22 22 21 21 22 22 21 21 21 21 21 21 
37 36 37 38 39 43 45 46 55 58 59 59 58 66 78 87 85 76 67 67 87 108 53 101 95 138 123 64 47 77 105 117 120 110 88 97 102 86 96 108 104 101 94 85 80 81 86 92 83 81 79 76 75 74 74 74 70 72 74 75 75 74 72 71 67 75 68 108 93 95 182 175 178 162 160 75 64 73 65 59 53 53 47 45 43 40 38 36 36 33 32 32 31 32 30 28 24 24 25 24 23 22 23 23 21 21 21 20 22 21 21 21 21 21 21 21 
35 35 37 39 41 44 45 47 56 55 53 54 58 68 81 87 79 66 56 64 91 107 47 101 102 148 124 61 50 72 93 119 114 104 79 91 101 80 87 105 95 96 93 84 74 71 78 86 80 78 76 73 71 69 69 69 67 68 69 69 70 70 69 67 57 67 57 88 82 95 185 196 172 170 178 88 59 56 51 54 52 53 48 46 44 41 40 38 37 36 35 33 34 35 33 31 25 25 26 25 23 22 23 23 21 21 21 20 22 21 21 21 20 20 20 20 
33 35 36 40 43 46 46 46 49 50 51 58 65 73 77 75 71 58 63 67 79 113 69 102 94 119 102 59 49 70 93 113 103 98 71 86 99 75 79 101 91 92 90 83 75 71 73 77 79 77 74 71 68 66 66 66 65 65 65 65 65 66 68 63 48 59 53 76 89 106 163 178 161 158 171 90 69 67 56 57 52 52 49 47 44 42 41 40 40 39 36 34 37 38 36 34 29 26 27 26 24 23 24 23 22 22 21 21 22 22 22 21 20 20 20 20 
33 36 39 43 47 47 48 46 42 44 51 63 72 75 69 60 65 54 79 80 75 125 90 96 52 50 46 38 41 71 93 89 102 94 66 81 94 68 72 98 94 94 93 87 81 76 71 70 81 81 77 74 71 70 69 69 70 69 67 67 67 69 71 68 55 63 57 72 93 97 95 85 77 65 79 30 46 66 54 46 51 51 48 46 43 41 40 39 40 39 36 35 37 38 36 34 30 27 28 26 25 23 24 23 22 22 22 21 23 22 22 22 20 20 20 20 
36 37 39 42 42 43 43 41 41 50 60 64 60 56 56 58 60 72 82 92 102 105 89 62 17 12 17 31 51 75 90 96 102 83 63 66 72 61 58 72 98 91 92 96 86 72 61 55 65 78 83 78 70 67 67 66 69 68 66 65 65 66 68 69 65 73 74 69 76 82 66 39 14 18 3 24 48 52 50 43 48 49 46 44 41 39 36 35 36 38 37 34 33 33 35 34 28 26 27 26 25 24 26 25 25 25 24 23 24 23 22 22 22 22 21 21 
41 41 42 43 43 43 43 42 48 53 59 61 56 51 49 53 64 74 83 91 101 102 83 59 44 40 37 47 62 78 89 93 100 81 60 62 65 57 55 70 105 96 93 91 78 68 65 65 65 75 78 74 69 67 66 64 66 65 64 64 64 64 65 66 64 69 70 68 74 77 67 53 36 48 37 49 59 48 46 41 46 47 44 42 40 37 34 34 36 36 34 33 31 31 32 32 26 26 27 26 25 24 25 25 25 25 24 23 24 23 22 22 22 22 21 21 
43 43 40 41 41 41 43 43 53 55 56 55 49 47 46 51 67 75 81 85 92 96 88 76 80 76 71 70 72 79 86 92 95 80 60 60 65 58 58 74 103 107 117 119 103 89 79 71 63 65 67 65 64 64 61 56 56 57 58 58 58 58 57 54 52 52 54 64 70 76 82 88 92 106 90 87 77 55 50 45 47 49 46 43 41 39 36 34 35 37 36 33 32 32 34 33 28 25 27 26 25 24 25 25 25 25 24 23 24 23 22 22 22 22 21 21 
40 39 38 39 40 44 46 48 55 53 51 47 45 43 47 50 68 76 80 81 84 87 86 81 84 82 79 75 71 75 83 90 92 80 61 62 67 64 64 79 104 115 130 132 114 98 89 72 63 57 58 58 60 61 58 51 50 51 53 54 54 53 51 48 43 39 44 58 67 77 94 118 146 147 112 93 83 62 56 43 47 46 43 41 39 36 33 34 34 34 33 31 29 30 31 30 25 25 26 25 24 23 25 24 25 25 24 23 24 23 22 22 22 22 21 21 
34 35 35 38 40 45 48 50 49 46 45 41 42 45 51 55 67 74 79 81 78 76 76 73 73 74 71 68 66 70 79 88 89 79 63 63 71 69 70 86 117 119 121 113 95 92 95 79 61 52 54 55 58 60 57 52 48 50 51 53 53 51 50 43 40 32 38 55 66 76 104 135 178 160 103 78 75 69 61 43 48 48 45 43 40 38 35 33 33 35 34 31 30 31 32 31 27 24 26 25 24 23 24 24 25 25 24 23 24 23 22 22 22 22 21 21 
31 33 34 39 41 46 47 49 45 41 40 38 42 47 54 59 64 69 75 75 71 67 65 65 68 67 64 62 62 65 72 81 84 78 63 62 70 72 75 89 116 123 130 125 111 108 107 82 66 53 57 58 60 63 62 58 54 54 55 55 55 55 54 51 44 37 44 57 69 85 116 144 185 159 88 60 64 68 65 42 48 45 42 40 39 35 32 33 32 32 31 29 27 28 29 29 24 24 25 24 23 22 24 23 25 25 24 23 24 23 22 22 22 22 21 21 
31 34 38 43 44 46 44 42 42 39 38 38 44 50 57 61 62 64 66 68 65 60 60 59 64 62 59 58 60 64 69 76 76 73 58 56 66 71 73 88 109 128 148 153 146 139 125 90 74 67 74 74 73 76 77 77 72 71 70 70 70 70 71 66 56 55 62 71 85 105 132 154 178 158 94 62 59 61 61 43 46 47 44 42 39 37 34 32 31 33 32 30 29 29 30 30 26 24 25 24 23 22 23 23 25 25 24 23 24 23 22 22 22 22 21 21 
33 36 41 45 45 44 40 38 43 39 38 39 46 54 60 62 63 59 59 61 60 58 56 59 58 54 52 54 58 63 70 73 71 67 55 51 63 67 71 85 113 129 144 148 145 147 141 108 88 82 91 90 88 90 94 95 90 88 87 85 85 87 88 86 77 79 84 90 105 128 151 167 171 162 106 71 61 54 54 44 45 45 42 40 38 35 32 32 31 31 30 28 26 27 28 28 24 23 25 24 23 22 23 23 25 25 24 23 24 23 22 22 22 22 21 21 
38 39 41 43 43 43 40 39 35 36 39 43 48 54 59 61 65 61 58 56 54 55 55 57 51 49 48 51 56 62 68 72 70 58 49 49 54 61 72 87 112 112 111 144 176 163 155 176 130 111 139 126 116 128 116 128 126 110 114 80 92 144 134 129 117 120 137 139 134 165 193 185 188 167 133 51 50 57 54 43 43 47 44 41 39 37 34 32 32 33 30 28 29 30 30 28 26 23 25 24 23 22 23 23 22 22 22 21 23 23 22 22 21 21 21 21 
38 39 40 41 41 41 38 37 36 38 42 45 51 56 60 62 63 61 56 52 52 52 53 53 49 47 48 49 55 63 70 71 68 55 46 46 51 59 68 85 90 127 148 163 173 162 157 173 125 116 148 142 135 148 142 155 141 134 82 86 158 191 179 168 159 163 178 189 181 171 179 193 198 178 146 60 53 55 49 39 43 45 42 39 38 35 32 32 32 30 28 27 27 28 28 26 23 23 24 23 23 22 23 23 22 22 22 21 23 22 22 22 21 21 21 21 
39 39 40 40 38 37 36 36 39 41 45 50 55 59 62 62 59 58 54 51 47 47 48 48 45 46 48 51 56 63 69 70 68 54 44 45 50 58 67 83 97 155 178 165 157 152 146 149 164 164 185 174 159 165 163 171 194 160 92 148 228 224 210 173 165 190 206 208 204 192 193 208 191 178 153 65 52 52 46 37 43 46 43 41 38 36 33 32 32 32 30 28 29 30 29 28 25 23 24 23 22 21 23 22 22 22 21 21 22 22 22 21 20 20 20 20 
37 37 37 37 35 34 33 33 39 41 45 50 54 57 60 61 58 55 52 49 46 46 45 46 43 42 45 50 56 62 69 70 68 55 45 47 51 57 68 84 112 152 163 148 146 156 154 155 175 179 191 183 175 187 200 206 186 118 123 226 251 224 216 189 165 203 221 200 187 202 208 192 176 169 151 63 49 50 47 38 42 44 41 39 37 34 31 31 31 30 27 26 26 27 27 25 23 22 24 23 22 21 22 22 21 21 21 20 22 22 21 21 20 20 20 20 
35 35 34 34 34 34 34 34 41 44 48 53 56 58 59 58 56 56 53 49 47 46 43 43 42 43 46 50 56 62 69 70 71 57 48 47 53 59 70 86 101 125 141 148 158 170 182 196 180 185 180 175 172 186 206 203 154 104 176 255 244 183 160 200 199 211 224 204 176 185 186 146 170 168 153 64 50 51 50 41 44 45 42 40 37 35 32 31 31 31 29 27 28 29 29 27 24 22 23 22 21 20 22 21 21 21 20 20 22 21 21 21 19 19 19 19 
32 32 31 31 32 33 34 35 41 44 48 52 54 55 55 55 55 53 52 49 46 46 43 42 39 41 44 50 55 62 68 71 73 62 50 50 56 62 72 88 107 126 151 170 172 172 184 203 194 195 177 176 178 185 196 173 134 157 229 253 232 157 115 217 225 200 195 204 198 183 164 141 179 178 161 69 51 54 53 41 43 43 40 38 36 33 30 30 30 29 26 25 25 26 26 24 22 21 23 22 21 20 21 21 21 20 20 20 21 21 20 20 19 19 19 19 
30 29 29 29 31 33 36 38 40 43 49 53 55 55 54 53 53 53 50 50 47 44 41 40 38 40 44 49 56 63 69 72 75 66 56 56 60 66 75 92 130 142 159 172 175 181 183 181 174 183 170 190 207 212 213 167 102 196 244 240 234 185 164 232 229 199 153 162 212 198 162 169 181 179 159 65 51 56 59 45 45 44 41 39 37 34 31 30 30 30 28 26 27 28 28 26 23 21 22 21 21 20 21 21 20 20 20 19 21 20 20 20 18 18 18 18 
29 29 29 29 31 34 37 39 40 42 48 52 54 54 52 51 49 50 47 47 44 43 41 39 40 42 46 51 56 63 68 71 72 64 55 57 64 71 82 98 140 140 140 153 179 205 201 173 173 184 172 199 218 209 192 130 99 218 248 240 221 195 202 189 238 227 136 114 200 209 161 180 177 175 155 61 47 56 60 47 45 42 39 37 37 34 31 32 32 30 28 26 25 26 26 24 23 23 22 21 20 21 21 20 20 20 19 21 21 20 20 20 18 18 18 18 
31 31 31 32 32 36 39 41 43 45 46 48 48 46 44 42 43 44 44 44 43 42 41 39 37 41 44 48 52 54 61 63 62 55 50 53 62 77 94 108 146 170 157 179 217 212 195 181 185 201 196 217 207 188 172 91 156 231 241 202 211 227 184 126 211 216 124 86 196 189 168 188 201 169 167 79 52 59 53 39 40 40 38 36 35 35 32 31 31 31 29 26 24 23 24 24 23 25 24 23 22 22 22 21 22 22 21 23 22 22 22 21 19 19 19 19 
32 32 33 34 34 38 41 42 42 44 45 47 47 45 42 40 43 43 43 44 43 43 42 41 38 42 46 50 51 54 59 60 56 50 46 51 62 77 95 112 159 177 180 194 185 173 188 186 242 189 198 227 219 129 54 117 232 250 215 186 196 180 167 201 196 168 126 106 148 152 185 181 180 153 156 72 48 54 48 36 37 40 36 36 35 35 34 33 31 31 29 26 24 22 22 24 23 25 24 23 23 22 21 21 22 22 23 23 22 22 23 23 19 19 19 19 
31 32 33 34 37 39 40 42 42 43 43 44 44 43 41 39 41 42 41 42 41 42 41 39 37 41 45 49 50 55 58 59 55 47 44 48 58 72 90 107 135 140 156 173 146 138 174 182 184 194 208 209 196 102 52 176 227 235 211 211 220 163 149 231 231 166 163 139 88 95 195 185 162 143 150 68 46 52 44 37 35 39 35 35 35 34 33 33 31 31 29 26 24 22 22 24 23 24 24 23 23 22 21 21 21 21 23 22 22 22 23 23 19 19 19 19 
30 31 32 34 37 39 39 40 41 42 41 42 41 40 38 37 40 40 40 40 39 40 39 39 38 39 43 47 49 53 56 58 54 46 40 45 53 67 80 98 136 139 145 172 164 152 168 170 144 178 180 209 154 37 99 247 253 226 176 191 242 235 217 249 212 162 193 181 103 93 196 188 160 146 153 71 50 50 38 35 35 39 35 35 34 34 33 32 30 30 29 25 23 22 21 23 22 24 23 22 22 21 21 20 21 21 22 22 21 21 23 23 19 19 19 19 
30 31 33 36 37 39 39 39 42 42 41 41 38 37 36 35 38 38 39 40 40 38 37 37 36 38 42 46 48 52 57 58 52 47 41 41 48 59 72 86 137 150 139 161 178 160 151 155 161 192 195 173 78 47 162 237 231 185 161 175 201 219 232 241 210 171 166 149 124 118 198 211 164 150 153 69 51 51 35 32 34 39 35 34 34 34 33 32 30 30 28 25 23 21 21 23 22 23 23 22 22 21 20 20 20 20 22 22 21 21 22 22 19 19 19 19 
29 30 33 36 37 39 38 38 41 41 38 38 35 34 33 32 36 36 37 38 38 39 37 36 35 38 41 45 46 50 55 59 54 48 39 39 42 51 60 74 70 109 114 147 184 172 156 154 177 169 179 76 18 134 230 242 197 143 144 188 203 201 194 171 183 158 135 125 148 137 171 168 160 147 145 61 52 52 34 35 34 38 34 34 33 33 32 31 29 30 28 25 22 21 20 22 21 23 22 21 21 20 20 19 20 20 21 21 21 20 22 22 19 19 19 19 
30 32 33 36 38 40 39 39 40 40 39 38 35 34 33 33 36 37 36 36 36 37 36 34 34 37 40 45 47 51 54 58 54 48 39 36 39 44 52 64 41 46 25 43 92 136 172 175 206 141 112 57 15 13 0 0 5 0 0 11 0 0 0 6 16 0 0 4 43 82 168 181 163 151 142 56 52 56 36 37 35 38 34 34 33 33 32 31 29 29 27 24 22 20 20 22 21 23 22 21 21 20 19 19 20 20 21 21 20 20 21 21 19 19 19 19 
30 32 33 36 39 40 39 39 40 39 38 37 33 33 32 32 36 36 35 36 36 37 35 36 35 37 40 44 47 51 54 58 54 48 39 36 37 41 47 58 66 64 69 112 158 203 215 159 150 129 28 1 28 22 35 36 24 31 25 14 21 28 23 21 32 17 41 28 5 34 149 160 170 156 143 56 56 61 39 38 35 38 34 33 33 33 32 31 29 29 27 24 22 20 20 22 21 22 22 21 21 20 19 19 20 19 21 21 20 20 21 21 19 19 19 19 
33 34 35 37 38 40 39 40 37 37 35 34 33 33 32 32 35 36 35 34 32 33 35 36 34 37 40 44 45 48 52 56 61 50 38 35 34 39 50 68 87 96 121 165 196 201 195 183 82 0 0 35 46 57 73 67 62 60 58 58 58 58 58 59 56 56 60 63 55 56 92 137 141 139 105 48 42 63 47 50 37 37 33 32 31 31 29 28 29 27 24 22 21 20 19 19 18 20 20 19 20 19 19 19 21 20 22 22 21 21 22 22 18 18 18 18 
33 34 35 36 38 39 38 39 37 36 34 33 33 32 32 32 35 36 34 34 31 32 34 37 35 37 39 43 44 48 52 55 57 47 37 35 37 41 55 71 97 107 142 177 190 207 192 128 0 0 27 69 72 76 83 75 68 66 65 65 65 65 66 66 64 60 63 67 66 67 86 112 165 153 119 67 58 66 37 30 37 37 33 32 31 30 29 28 29 27 24 22 21 20 19 19 18 20 19 19 20 19 19 19 20 20 22 22 21 21 22 22 18 18 18 18 
35 36 36 38 37 38 39 40 36 36 35 34 34 34 31 31 36 37 35 35 32 31 33 36 35 38 41 43 44 47 52 55 52 45 36 38 41 46 59 77 99 117 162 183 181 204 169 58 0 20 66 76 71 76 77 73 62 60 58 58 58 58 58 57 57 51 51 59 69 72 72 74 73 64 51 35 48 66 42 37 37 37 32 32 31 30 29 28 28 27 24 21 21 20 18 19 18 19 19 19 19 19 18 18 20 20 22 21 21 20 22 22 18 18 18 18 
35 35 36 37 36 37 38 38 34 34 33 33 33 33 30 30 34 35 34 33 31 32 33 35 34 37 40 44 45 47 51 54 49 43 39 40 42 50 62 81 108 138 175 188 187 193 141 28 32 57 70 59 66 70 59 57 47 45 45 44 44 44 43 42 40 38 38 46 63 73 68 59 39 31 35 36 51 61 39 39 34 36 32 31 30 30 28 27 28 26 23 21 20 19 18 18 17 19 19 18 19 18 18 18 20 20 21 21 20 20 21 21 18 18 18 18 
36 37 35 36 37 38 36 37 32 32 32 32 31 31 32 32 33 34 33 32 29 30 31 33 33 36 39 43 44 48 50 53 50 44 40 43 45 52 69 90 133 171 189 193 198 178 113 39 47 58 62 63 83 77 57 58 51 48 48 46 47 46 48 46 43 45 47 52 65 78 82 82 83 75 83 74 62 55 27 30 32 36 31 31 30 29 28 27 27 26 23 20 20 19 17 18 17 19 18 18 18 18 17 17 19 19 21 20 20 19 21 21 18 18 18 18 
36 36 35 35 36 36 35 35 30 30 30 31 30 30 31 31 31 33 31 31 28 29 30 33 34 35 38 42 43 47 49 52 48 42 41 43 47 58 76 101 141 180 184 178 187 153 90 43 64 64 68 70 77 67 60 73 55 52 52 51 50 51 51 52 52 54 54 57 63 74 92 111 121 114 121 97 65 51 26 26 30 35 31 30 29 29 27 26 27 25 22 20 19 19 17 17 16 18 18 17 18 17 17 17 19 19 20 20 19 19 21 20 18 18 18 18 
36 36 36 37 35 36 34 34 30 31 29 30 29 30 30 30 30 32 32 32 29 28 29 32 33 35 37 41 42 46 51 51 45 40 38 43 49 63 89 116 141 171 174 167 167 151 106 52 85 84 87 72 62 61 66 71 56 56 55 54 55 54 53 55 60 58 59 64 70 79 109 141 164 154 151 110 64 45 20 17 30 35 31 30 29 28 27 26 27 25 22 20 19 18 17 17 16 18 17 17 17 17 17 17 18 18 20 19 19 19 20 20 18 18 18 18 
36 36 36 36 35 35 33 33 30 30 28 29 29 29 30 30 30 31 32 31 28 29 30 31 34 36 39 41 42 46 50 51 41 35 36 44 54 72 101 128 149 167 181 173 166 175 149 75 75 79 91 80 72 83 82 61 69 68 67 66 65 65 64 66 72 69 73 84 93 104 137 178 156 143 139 96 51 44 24 16 30 35 30 30 29 28 27 26 26 26 22 19 19 18 16 17 18 19 18 18 17 17 17 18 18 18 20 19 19 18 20 20 18 18 18 18 
37 37 37 36 35 34 32 32 31 31 29 30 28 29 29 28 27 26 26 26 30 32 32 34 36 38 39 40 41 42 45 43 37 31 38 44 63 83 103 157 141 111 180 190 192 187 183 157 94 75 78 85 82 75 77 89 82 76 78 74 62 61 73 84 76 77 84 87 95 132 168 176 143 127 142 75 52 45 30 28 34 36 32 30 29 29 28 29 26 25 24 23 21 19 19 19 20 22 21 20 19 20 19 19 19 19 19 19 19 19 19 19 18 18 18 18 
37 37 36 36 34 34 32 31 30 31 29 29 28 28 29 28 26 24 26 26 30 32 34 35 36 37 40 40 41 40 43 41 34 30 39 44 65 86 105 158 95 107 208 206 184 181 195 183 153 143 138 139 139 115 96 99 106 103 104 95 82 94 106 92 97 104 119 130 138 161 174 164 138 129 147 71 52 51 40 35 36 36 32 30 29 29 28 29 26 25 24 23 20 19 18 20 22 23 23 22 21 20 19 19 19 19 19 19 19 19 19 19 18 18 18 18 
36 36 35 35 33 33 31 30 30 30 28 29 27 28 28 27 25 25 25 25 29 31 33 35 35 37 39 39 40 41 44 42 36 31 39 44 66 84 102 157 97 111 202 172 132 139 174 181 182 206 206 203 204 169 142 158 188 170 162 142 128 167 193 154 95 110 141 160 164 171 164 144 130 136 151 69 49 56 47 41 38 36 31 30 29 29 28 29 25 26 26 22 20 19 18 20 21 23 22 21 20 20 19 19 18 18 18 18 18 18 18 18 18 18 18 18 
34 34 34 33 32 32 29 29 29 29 27 28 26 27 27 26 25 24 24 25 28 30 32 34 34 36 38 38 39 38 42 41 36 31 39 45 63 81 97 150 131 113 180 158 133 147 175 178 176 229 237 225 224 187 167 202 212 182 182 178 166 197 219 176 88 121 164 177 171 168 158 144 141 151 161 67 48 59 51 42 37 35 31 29 28 28 27 28 25 24 23 22 20 18 18 20 21 23 22 21 20 19 18 18 18 18 18 18 18 18 18 18 17 17 17 17 
33 33 32 32 31 30 28 28 28 28 26 27 25 26 26 26 26 23 25 26 28 30 32 33 34 35 37 39 38 39 42 40 35 30 39 42 60 77 92 144 131 96 184 210 209 209 215 201 196 241 239 227 231 198 175 204 187 168 195 225 215 211 205 164 121 163 200 194 173 164 164 163 163 169 169 67 52 64 51 40 37 35 30 29 28 28 27 28 24 26 25 22 19 18 17 19 20 22 21 20 20 19 18 18 18 18 18 18 18 18 18 18 17 17 17 17 
32 31 31 31 29 29 26 26 27 27 25 26 24 25 25 25 25 22 24 25 27 29 32 33 35 36 38 39 37 38 41 39 35 30 38 41 57 71 86 138 105 76 189 236 230 214 211 195 208 230 222 221 242 224 195 197 169 164 193 222 213 191 178 166 157 197 213 188 164 157 159 163 180 175 162 60 53 66 48 39 36 34 30 28 27 27 26 27 24 23 22 21 19 17 17 19 20 22 21 20 19 18 17 17 17 17 17 17 17 17 17 17 17 17 17 17 
31 30 30 30 28 28 25 25 26 26 25 25 24 24 24 25 24 24 25 25 28 31 33 32 34 35 38 38 38 38 40 40 36 29 37 38 54 66 77 128 84 69 186 219 196 182 189 167 190 200 204 212 224 211 180 163 134 146 155 152 143 128 127 145 169 199 194 166 162 167 165 161 184 167 142 45 49 64 44 39 36 34 30 28 27 27 26 27 24 25 24 21 18 17 16 18 20 21 21 20 19 18 17 17 17 17 17 17 17 17 17 17 16 16 16 16 
30 30 30 29 28 27 25 25 26 26 24 25 23 24 24 24 24 23 24 25 28 30 33 34 35 35 37 38 38 39 42 40 35 30 36 37 49 61 70 121 64 66 193 219 194 191 197 162 184 201 220 218 199 169 139 117 116 153 158 136 127 113 110 131 171 188 170 152 171 192 184 171 179 154 122 31 45 61 40 40 34 34 29 28 27 27 26 27 23 23 22 21 18 17 16 18 19 21 20 20 19 18 17 17 17 17 17 17 17 17 17 17 16 16 16 16 
27 27 27 27 26 26 24 24 26 26 24 24 22 22 22 22 23 23 23 23 27 29 31 33 33 34 35 35 38 38 39 38 35 32 33 38 49 58 68 78 71 60 191 222 205 206 155 188 188 218 235 228 203 159 131 133 155 189 183 177 204 193 155 154 193 195 186 179 183 182 180 181 182 160 88 22 52 49 38 34 35 36 32 31 29 28 25 25 23 24 24 20 18 17 16 18 19 21 20 19 18 18 17 17 16 16 16 16 15 15 14 14 16 16 16 16 
27 27 27 27 26 26 24 24 25 25 23 23 21 21 21 21 23 23 22 23 26 29 31 32 33 34 35 35 38 40 41 39 36 34 33 38 45 54 62 72 87 71 160 194 200 220 178 182 205 211 214 216 210 181 164 174 172 192 215 206 182 178 178 161 195 199 190 182 182 175 167 167 149 159 92 12 28 45 41 32 32 35 32 31 29 28 25 25 23 22 21 20 18 16 16 18 19 21 20 19 18 17 17 16 16 16 16 16 15 15 14 14 16 16 16 16 
26 26 26 26 25 25 23 23 25 25 23 23 21 21 21 21 22 22 24 24 28 30 32 34 34 34 36 36 38 39 40 38 39 35 33 37 40 48 57 68 50 58 144 207 204 184 171 186 187 187 189 195 191 167 162 178 192 195 206 195 181 195 189 146 198 201 189 174 168 164 159 158 157 167 87 23 32 47 42 32 32 35 31 30 29 28 25 25 23 24 23 20 18 16 16 18 19 21 20 19 18 17 16 16 16 16 16 16 15 15 14 14 16 16 16 16 
25 25 25 25 24 24 22 22 24 24 22 22 20 20 20 20 21 21 23 23 27 29 31 33 33 33 35 35 37 38 39 39 40 36 35 36 37 42 52 63 56 47 103 201 205 157 176 219 157 181 197 188 164 144 145 156 176 194 182 164 181 190 164 135 189 190 177 159 157 161 164 168 157 138 37 23 44 47 32 34 34 35 31 30 28 27 24 24 22 21 21 19 17 16 15 17 18 20 19 18 18 17 16 16 16 16 16 16 15 15 14 14 16 16 16 16 
25 25 25 25 24 24 22 22 23 23 21 21 19 19 19 19 22 22 24 24 28 30 32 32 32 32 34 34 36 39 41 38 39 37 35 33 34 38 46 56 73 44 63 167 214 189 197 202 139 180 208 196 177 181 191 187 170 187 186 169 168 175 159 132 184 189 177 161 159 160 158 154 124 109 0 14 35 46 32 37 33 34 30 29 28 27 24 24 22 23 22 19 17 15 15 17 18 20 19 18 17 16 15 15 16 16 16 16 15 15 14 14 16 16 16 16 
24 24 24 24 23 23 21 21 22 22 20 20 18 18 18 18 21 21 23 23 27 29 31 31 31 31 33 33 36 37 38 39 40 39 35 33 30 33 41 53 62 62 63 105 148 179 206 197 158 187 206 195 186 206 215 200 214 166 167 178 169 194 183 105 144 158 154 150 157 161 146 133 139 156 34 41 37 59 46 40 35 34 30 29 27 26 23 23 21 21 20 19 16 15 14 16 17 19 18 18 17 16 15 15 16 16 16 16 15 15 14 14 16 16 16 16 
23 23 23 23 22 22 20 20 21 21 19 19 17 17 17 17 21 20 22 23 26 28 31 32 33 30 33 35 35 38 39 39 41 40 37 32 27 31 39 51 70 85 78 52 72 145 198 218 175 190 210 214 201 207 222 221 219 148 143 168 167 196 186 104 171 177 164 151 156 154 130 108 167 183 46 63 52 69 53 42 36 33 30 28 27 26 23 23 21 22 21 18 16 14 14 16 17 19 18 17 16 15 15 14 16 16 16 16 15 15 14 14 16 16 16 16 
23 23 23 23 22 22 20 20 21 21 21 19 19 19 19 19 20 20 20 22 24 28 30 30 30 30 32 34 35 36 37 38 41 40 35 30 24 26 37 50 65 76 97 97 133 184 177 164 163 159 167 145 78 21 9 15 15 3 12 16 0 2 15 8 3 9 3 10 43 73 76 69 139 129 0 46 52 62 39 42 36 33 31 28 27 26 23 23 22 22 21 18 16 14 14 16 17 19 18 17 16 15 14 14 16 16 16 16 15 15 14 14 16 16 16 16 
20 20 20 20 20 20 20 20 21 21 21 19 19 19 19 19 16 17 18 22 24 26 27 28 29 29 29 31 32 34 35 37 40 46 36 23 19 20 29 46 63 83 116 155 212 217 181 198 198 103 33 21 28 35 40 35 33 31 28 28 29 29 29 26 25 14 20 31 22 13 45 94 124 57 36 74 58 38 52 28 35 34 31 29 29 28 26 26 25 25 22 20 17 16 15 15 18 19 19 19 18 18 17 17 18 18 18 17 17 17 16 16 16 16 16 16 
20 20 20 20 20 20 20 20 21 21 21 21 21 21 21 19 16 15 18 20 24 26 27 28 29 28 29 29 32 34 35 37 39 42 33 23 19 22 32 50 78 99 121 150 184 208 214 207 100 45 20 32 43 55 62 59 54 53 51 50 52 51 52 52 52 45 45 51 48 50 81 122 147 92 91 76 49 54 40 34 35 34 30 29 29 28 28 27 25 25 24 20 17 16 15 15 17 19 19 19 18 18 17 17 18 18 18 17 17 16 16 16 16 16 16 16 
20 20 20 20 20 20 20 20 21 21 21 21 21 21 21 19 16 15 18 20 24 25 27 28 29 28 30 30 33 34 35 36 36 38 28 22 25 30 37 56 78 121 137 166 177 196 212 145 5 0 24 49 62 70 75 72 62 60 58 57 59 58 60 63 66 65 65 67 69 74 90 109 112 84 107 58 35 63 26 34 32 35 32 28 28 28 27 27 25 25 24 20 17 16 15 15 17 19 19 18 18 17 17 17 18 18 17 17 16 16 16 15 15 15 15 15 
19 19 19 19 19 19 19 19 20 20 20 20 20 20 20 18 15 14 17 19 23 25 26 27 28 28 30 30 32 33 34 34 35 34 26 24 31 34 44 64 92 156 150 166 183 186 175 57 0 10 51 69 69 67 64 58 50 48 48 47 47 48 50 53 51 57 57 58 63 70 67 62 38 34 56 31 30 56 21 25 32 33 30 28 28 27 27 26 25 25 24 20 17 16 15 15 17 19 18 18 17 17 16 16 17 17 17 16 16 16 15 15 15 15 15 15 
20 20 20 20 20 20 20 20 21 21 21 21 21 21 21 20 17 16 19 21 25 27 28 27 28 27 29 29 32 35 36 33 36 33 25 27 34 38 51 77 132 195 146 140 181 188 151 27 23 43 72 74 68 64 55 48 51 48 48 50 51 53 53 52 46 50 47 46 54 67 62 51 24 26 21 35 42 39 27 19 29 35 31 28 28 27 26 26 25 25 24 20 17 16 15 15 16 18 18 17 17 16 16 16 17 17 16 16 16 15 15 15 15 15 15 15 
19 19 19 19 19 19 19 19 21 21 21 21 21 21 21 20 16 15 19 20 24 26 27 28 29 27 29 29 31 34 35 31 35 32 27 30 37 42 62 96 148 200 151 138 194 209 150 35 47 60 71 67 66 67 61 59 54 52 53 54 56 57 59 55 51 46 41 36 48 65 72 69 67 60 47 70 60 36 37 19 29 32 29 27 27 26 26 25 25 25 24 20 17 16 15 15 16 18 17 17 16 16 16 15 17 16 16 16 15 15 14 14 14 14 14 14 
19 19 19 19 19 19 19 19 20 20 20 20 20 20 20 19 16 15 18 20 24 26 27 28 29 28 30 31 33 34 35 33 30 28 25 32 38 47 76 116 151 184 178 170 206 223 149 41 60 65 70 66 74 73 69 72 59 59 60 60 60 62 64 58 47 43 42 39 47 60 68 70 67 60 92 98 61 46 33 22 29 34 30 27 27 26 26 25 25 25 24 20 17 16 15 15 15 17 17 16 16 16 15 15 16 16 16 15 15 14 14 14 14 14 14 14 
19 19 19 19 19 19 19 19 20 20 20 20 20 20 20 19 16 15 18 20 24 26 27 28 29 28 29 30 33 35 37 32 25 24 25 31 41 51 86 134 166 176 195 185 193 215 150 50 66 69 71 70 78 73 64 70 65 65 65 67 68 70 70 67 47 48 56 60 61 62 59 59 20 23 114 106 54 59 26 21 30 32 28 27 27 26 26 25 25 25 24 20 17 16 15 15 15 17 17 16 16 15 15 15 16 16 15 15 15 14 14 14 14 14 14 14 
19 19 19 19 19 19 19 19 21 21 21 21 21 21 21 19 17 15 19 20 23 25 27 27 30 30 31 32 35 35 37 32 29 18 26 38 35 68 78 168 176 175 179 197 197 207 181 73 59 65 66 52 77 59 73 59 61 66 69 68 67 69 67 61 69 66 72 69 78 76 59 81 45 25 137 95 52 58 26 32 30 34 30 27 27 26 25 25 24 24 23 19 16 14 13 14 15 17 17 16 16 15 15 15 15 15 15 15 15 15 15 15 13 13 13 13 
19 19 19 19 19 19 19 19 21 21 21 21 21 21 21 19 16 15 19 20 23 25 26 27 30 30 31 32 34 34 36 32 28 21 25 38 41 66 72 174 167 186 197 209 200 203 204 143 56 49 78 70 85 77 90 81 80 80 75 64 64 75 84 88 85 86 82 73 92 100 83 107 68 43 135 80 43 57 33 36 32 32 28 27 27 26 25 25 24 24 23 19 16 14 13 14 15 17 17 16 16 15 15 15 15 15 15 15 15 15 15 15 13 13 13 13 
21 21 21 21 21 21 21 21 22 22 22 22 22 22 22 20 17 17 19 21 25 27 28 27 29 29 30 31 34 36 37 31 26 27 24 37 46 60 59 178 188 213 219 222 206 189 192 169 103 74 136 124 117 112 112 102 95 105 112 109 110 109 101 93 89 114 115 103 126 127 99 118 75 61 135 70 36 57 37 32 32 34 30 27 27 26 25 25 24 24 23 19 16 14 13 14 15 17 17 16 16 15 15 15 14 14 14 14 14 14 14 14 13 13 13 13 
20 20 20 20 20 20 20 20 22 22 22 22 22 22 22 20 17 16 19 21 24 26 28 28 30 28 29 30 33 35 36 32 26 32 25 34 48 55 46 173 180 202 203 221 222 200 195 187 130 87 175 164 140 140 130 114 122 137 150 154 154 145 119 92 48 104 136 130 145 135 102 117 71 79 144 72 41 59 36 23 30 32 28 27 27 26 25 25 24 24 23 19 16 14 13 14 15 17 17 16 16 15 15 15 14 14 14 14 14 14 14 14 12 12 12 12 
20 20 20 20 20 20 20 20 21 21 21 21 21 21 21 19 16 16 18 20 24 26 27 28 29 29 30 30 34 34 35 33 28 35 26 32 47 51 39 161 187 202 200 219 222 202 201 205 138 104 209 208 183 189 187 162 169 171 165 158 163 168 153 129 63 117 157 138 120 101 75 95 93 113 162 78 46 54 33 21 30 34 30 27 27 26 25 25 24 24 23 19 16 14 13 14 15 17 17 16 16 15 15 15 13 13 13 13 13 13 13 13 12 12 12 12 
20 20 20 20 20 20 20 20 21 21 21 21 21 21 21 19 16 15 18 20 24 25 27 27 28 28 29 29 33 33 34 33 28 34 30 35 40 52 38 141 208 218 216 224 204 185 205 220 126 121 223 224 191 191 200 167 173 177 168 157 161 174 169 152 109 136 167 143 108 100 101 124 137 154 171 77 46 46 31 26 28 32 28 27 27 26 25 25 24 24 23 19 16 14 13 14 15 17 17 16 16 15 15 15 13 13 13 13 13 13 13 13 12 12 12 12 
21 21 21 21 21 21 21 21 22 22 22 22 22 22 22 20 17 16 19 21 25 27 28 27 27 28 29 29 32 34 35 34 29 33 33 37 34 54 43 121 196 200 209 218 190 184 215 218 78 112 205 205 161 144 173 137 151 171 176 165 158 166 163 155 110 112 153 162 143 157 175 181 162 167 158 63 42 37 25 20 26 34 30 27 27 26 25 25 24 24 23 19 16 14 13 14 15 17 17 16 16 15 15 15 12 12 12 12 12 12 12 12 11 11 11 11 
19 19 19 19 19 19 19 19 20 20 20 20 20 20 20 20 17 18 19 21 25 27 26 27 27 27 28 28 32 34 35 34 27 28 34 38 32 59 49 111 213 204 209 217 181 172 187 161 52 117 209 211 168 146 199 167 151 177 187 165 150 156 163 166 123 107 156 183 164 173 172 150 157 157 140 52 43 38 21 12 26 34 30 27 27 26 23 24 24 24 21 19 16 14 14 16 17 17 17 16 16 15 15 15 12 12 12 12 12 12 12 12 11 11 11 11 
16 16 16 16 16 16 16 16 17 17 17 17 17 17 17 17 17 18 20 22 22 24 23 23 25 25 25 27 30 34 35 31 29 14 20 38 45 50 82 128 201 236 173 197 109 149 177 202 105 134 223 207 178 212 200 193 172 175 170 159 156 160 162 161 150 85 144 159 142 149 116 136 151 147 137 61 47 39 28 23 32 37 33 30 27 27 22 22 24 23 20 19 18 18 18 18 19 19 19 18 17 16 15 15 14 14 12 12 12 13 13 13 13 14 14 14 
14 14 14 14 14 14 14 14 15 15 15 15 15 15 15 17 17 20 20 22 22 23 23 23 23 24 25 29 31 33 36 31 24 13 22 38 46 52 77 109 170 210 200 129 181 201 240 210 142 146 217 211 181 195 180 184 154 158 163 167 170 171 167 164 156 101 135 154 152 152 127 143 145 142 132 56 45 38 28 22 34 37 32 30 27 25 21 20 23 21 18 17 18 18 18 18 19 20 19 19 18 17 15 15 14 14 12 12 12 12 12 12 13 14 14 14 
13 13 13 13 13 13 13 13 14 14 14 14 14 14 14 16 18 20 20 21 21 23 22 22 22 24 24 28 29 33 35 30 22 20 26 35 42 49 64 81 137 201 218 100 211 227 226 174 158 149 207 216 190 183 163 173 144 143 150 162 170 168 164 162 162 128 118 145 164 153 140 148 145 141 131 57 47 40 31 22 33 37 32 30 28 25 22 21 21 21 18 17 18 18 18 18 21 20 19 18 17 16 16 15 13 12 12 12 12 12 12 14 13 13 13 13 
13 13 13 13 13 13 13 13 14 14 14 14 14 14 14 16 18 20 19 21 21 22 21 22 23 23 23 26 28 31 33 30 24 24 26 28 34 47 56 61 98 147 147 137 214 251 169 129 150 153 205 219 197 185 166 170 150 142 141 152 160 159 159 163 161 145 98 130 167 148 148 145 147 144 133 61 52 46 37 28 32 35 32 28 27 24 23 21 22 21 17 16 19 19 17 17 20 22 21 19 18 17 16 15 13 13 13 12 12 12 12 11 12 13 13 13 
14 14 14 14 14 14 14 14 16 16 16 16 16 16 16 16 18 20 21 23 22 21 20 21 23 22 22 25 26 29 32 30 30 29 27 22 29 42 51 55 56 91 135 224 220 228 111 121 155 181 219 213 189 186 178 170 152 148 149 157 163 163 162 164 159 152 92 123 165 146 151 143 147 143 132 60 54 50 41 30 34 36 31 29 26 24 23 22 22 20 18 18 18 19 17 16 20 21 20 19 17 15 14 14 14 14 13 13 12 11 11 13 13 13 13 13 
14 14 14 14 14 14 14 14 15 15 15 15 15 15 15 17 20 21 21 22 21 22 21 20 22 23 23 24 25 28 30 30 32 29 25 20 25 34 44 51 57 54 128 225 230 174 108 108 160 199 212 184 156 159 161 144 126 136 148 156 161 161 156 149 158 148 101 127 161 150 152 141 141 137 127 56 52 49 40 29 34 35 30 28 27 24 24 22 21 20 19 18 18 19 17 17 19 21 19 20 18 16 15 14 14 14 13 13 12 11 10 12 12 12 12 12 
15 15 15 15 15 15 15 15 17 17 17 17 17 17 17 17 20 23 21 22 21 22 20 19 21 22 22 25 26 28 28 28 33 29 25 25 23 23 31 43 63 29 47 103 173 151 140 94 152 187 188 164 142 137 135 112 110 132 148 147 148 154 151 142 151 135 111 128 150 150 147 135 138 133 123 55 54 52 41 29 35 35 30 28 27 26 24 22 22 20 19 18 18 19 17 19 20 22 20 18 16 14 13 12 15 14 14 13 12 11 12 12 12 12 12 12 
15 15 15 15 15 15 15 15 17 17 17 17 17 17 17 19 22 23 21 22 21 21 20 20 22 22 22 25 25 28 28 29 32 27 26 28 22 17 20 34 29 71 50 30 23 42 104 111 140 169 172 169 155 138 127 100 121 146 156 143 140 153 157 150 140 118 112 123 136 144 135 124 137 133 124 56 56 56 45 33 34 34 30 27 26 25 23 22 21 20 18 17 18 18 16 16 18 18 17 17 15 15 13 12 13 15 14 13 12 11 12 11 12 12 12 12 
15 15 15 15 15 15 15 15 15 15 16 16 17 17 17 20 21 22 22 22 21 22 21 19 19 20 20 23 23 25 25 26 33 32 25 20 14 14 18 27 39 47 56 56 44 29 11 1 0 0 0 0 0 0 0 0 0 0 0 0 0 0 0 0 0 1 0 0 38 98 126 119 140 130 128 65 55 47 40 29 33 32 29 28 26 24 24 22 21 21 19 18 20 20 17 17 20 20 18 16 14 14 12 14 12 12 13 13 14 13 13 12 12 12 12 12 
15 15 15 15 15 15 15 15 15 15 16 16 17 17 17 19 20 22 21 22 21 22 21 21 20 19 20 22 23 25 25 26 34 31 26 20 13 13 17 24 33 41 53 58 55 44 33 28 19 18 15 13 12 14 16 17 18 19 20 21 21 20 19 22 31 31 24 25 41 65 93 113 134 127 123 58 50 47 41 28 32 32 30 28 28 25 25 24 23 22 20 20 21 21 17 16 17 20 18 16 14 13 11 12 13 12 14 13 14 13 13 12 12 12 12 12 
17 17 17 17 17 17 17 17 17 17 17 18 18 19 19 21 21 23 22 23 23 22 21 21 20 21 20 22 22 24 26 27 32 31 26 21 15 14 20 25 31 39 51 58 60 58 53 51 47 45 44 43 43 45 48 49 52 53 54 55 55 54 53 56 69 61 58 63 54 47 73 117 113 109 107 43 43 49 49 33 33 33 31 30 29 28 25 25 25 24 22 22 22 20 19 20 19 20 18 18 16 14 12 13 14 13 14 13 14 13 14 13 12 12 12 12 
16 16 16 16 16 16 16 16 16 16 17 17 18 18 19 21 21 23 22 23 22 23 22 20 19 20 20 22 23 23 25 26 30 28 24 20 15 16 21 27 35 40 46 51 53 53 51 49 54 54 53 53 55 57 60 62 61 62 64 65 65 65 64 65 74 69 70 77 68 56 78 115 105 102 100 40 42 50 48 29 33 34 31 30 29 28 26 26 27 25 23 22 22 22 19 20 20 21 19 18 16 15 13 13 13 14 15 14 15 13 13 13 12 12 12 12 
18 18 18 18 18 18 18 18 18 18 18 19 19 20 20 20 20 22 21 22 22 23 22 20 18 19 19 21 22 24 24 25 26 26 23 18 17 19 25 30 38 41 43 43 44 41 39 39 43 45 45 47 49 51 53 55 55 56 58 59 60 60 59 58 59 60 61 64 66 69 75 83 93 87 88 35 39 44 38 21 32 35 31 29 29 29 29 27 28 27 26 25 25 24 20 19 22 24 22 21 18 17 15 15 14 15 16 15 15 13 13 13 12 12 12 12 
17 17 17 17 17 17 17 17 17 18 18 18 19 19 20 20 20 22 21 22 22 22 21 21 19 18 18 20 21 24 23 24 24 23 22 20 20 23 27 34 41 42 42 41 38 36 33 34 33 35 36 38 40 42 44 45 49 50 52 54 55 55 54 51 48 49 46 43 53 64 59 47 35 27 42 13 34 41 39 30 35 36 32 32 31 30 31 30 31 29 28 27 26 25 21 21 23 25 22 21 18 17 17 15 13 14 15 15 15 14 13 13 12 12 12 12 
17 17 17 17 17 17 17 17 17 17 18 18 18 19 19 20 21 22 22 23 22 22 21 21 18 17 17 19 21 23 25 24 23 21 22 21 21 25 32 37 45 44 43 42 37 33 27 27 31 33 35 36 38 40 41 41 45 46 48 50 51 51 51 47 40 38 35 35 46 53 51 44 18 4 26 15 43 43 40 39 38 40 37 37 36 36 36 35 36 35 34 32 31 30 26 25 25 27 24 23 20 18 18 18 16 17 17 16 16 14 13 12 12 12 12 12 
17 17 17 17 17 17 17 17 17 17 17 18 18 19 19 19 19 19 20 21 22 22 23 21 18 17 17 18 20 21 22 19 20 19 22 23 25 30 34 39 45 43 39 34 29 25 20 19 30 33 34 36 35 37 37 38 38 39 43 45 46 48 48 43 38 30 31 41 45 47 49 55 58 36 51 35 57 42 28 26 38 40 39 40 42 44 42 40 41 37 35 31 28 27 23 22 22 23 22 21 18 15 15 17 14 15 16 16 16 15 13 12 12 12 12 12 
15 15 15 15 15 15 15 15 15 15 15 16 16 17 17 17 15 15 18 19 20 21 21 20 18 17 17 18 16 16 18 16 15 18 24 29 35 38 40 38 34 33 30 25 23 25 27 27 38 32 36 44 37 33 33 34 38 41 46 50 52 52 51 49 40 49 37 42 48 42 51 50 42 48 48 39 38 40 35 27 28 33 40 50 54 50 49 53 45 42 33 22 20 20 15 12 21 24 22 18 18 16 14 13 17 15 15 15 16 17 17 16 13 13 12 12 
15 15 15 15 15 15 15 15 15 15 15 16 16 16 17 17 13 13 16 17 19 20 21 19 18 17 17 16 16 16 15 14 14 16 24 31 37 40 40 37 24 24 27 23 25 29 34 35 43 36 40 45 42 41 45 48 42 44 47 51 54 54 53 51 44 57 46 50 51 40 42 32 41 41 38 34 35 36 36 37 50 49 46 46 48 48 47 48 52 49 41 34 27 22 17 16 22 21 19 17 16 15 13 12 16 16 14 15 17 17 17 16 13 13 12 12 
14 14 14 14 14 14 14 14 14 14 15 15 16 16 16 17 12 13 15 16 19 20 21 21 20 17 17 16 17 17 18 15 14 18 24 29 33 37 36 35 25 28 31 33 35 41 46 53 63 69 77 82 77 70 68 67 60 57 54 55 55 56 53 52 57 66 54 58 61 64 79 74 61 60 57 52 46 41 39 51 75 75 60 50 52 56 59 56 64 57 56 56 52 41 31 30 25 24 21 19 18 15 14 14 17 17 15 16 17 17 18 16 13 13 12 12 
14 14 14 14 14 14 14 14 14 14 14 15 15 16 16 16 12 12 15 16 19 20 20 19 18 17 17 17 17 17 17 16 16 19 24 29 31 31 34 32 35 38 39 41 48 60 71 81 91 118 136 137 125 103 90 87 88 77 66 61 60 59 54 54 64 78 70 79 80 79 89 71 74 74 75 72 61 51 45 59 74 82 69 61 65 75 79 74 64 54 50 59 64 55 44 39 31 25 22 20 19 17 17 16 19 18 16 17 18 18 18 16 13 13 12 12 
13 13 13 13 13 13 13 13 13 13 14 14 15 15 16 16 11 12 14 15 18 19 20 20 20 17 17 17 18 19 20 19 19 21 26 28 28 28 29 32 43 43 45 52 69 91 109 124 123 160 177 172 153 129 116 119 123 103 83 71 64 61 54 57 72 90 88 96 87 71 55 12 72 79 84 82 77 68 57 67 58 82 77 70 75 88 91 83 63 46 38 48 59 60 50 41 34 28 25 23 21 20 17 17 18 19 17 18 19 19 18 17 13 13 12 12 
13 13 13 13 13 13 13 13 13 13 13 14 14 15 15 15 11 11 14 15 18 19 19 18 18 17 17 17 19 19 19 20 23 23 25 26 25 26 28 32 43 46 54 73 101 128 142 151 146 181 185 170 160 145 145 156 151 124 94 76 70 66 59 64 90 96 84 87 81 78 69 21 64 79 85 81 81 83 70 69 46 82 86 73 69 80 85 77 66 49 31 30 41 52 48 37 35 32 26 24 24 22 19 19 20 20 18 17 18 18 17 17 13 13 12 12 
12 12 12 12 12 12 12 12 13 13 13 13 14 14 15 15 11 11 14 15 17 18 19 19 20 17 17 18 19 20 22 21 25 27 25 25 22 23 26 34 46 56 74 103 139 159 156 149 168 193 184 168 171 171 171 182 170 137 102 79 75 72 70 76 107 101 80 86 95 110 117 70 72 89 90 75 76 90 77 61 47 88 90 65 51 61 75 75 71 62 37 15 15 33 36 30 35 34 29 26 26 23 21 21 19 19 17 18 18 19 17 15 13 13 12 12 
12 12 12 12 12 12 12 12 12 13 13 13 14 14 15 15 10 11 13 14 17 18 19 17 17 17 17 18 19 20 20 21 28 28 26 22 19 20 25 35 52 70 94 131 165 175 157 134 185 201 188 177 192 196 186 190 178 145 106 85 81 84 81 88 105 105 97 114 124 133 123 63 90 107 100 73 73 92 76 52 58 96 96 62 38 51 74 82 80 77 50 13 4 21 30 29 34 34 30 27 25 24 22 22 20 20 18 16 19 19 16 15 13 13 12 12 
12 12 12 12 12 12 12 12 12 12 13 13 14 14 14 15 12 12 15 16 18 19 20 20 20 19 21 20 20 20 22 23 29 36 29 18 15 18 24 41 57 73 139 155 176 177 128 148 186 204 168 144 178 182 165 176 155 142 133 117 97 88 92 104 99 108 81 130 145 103 104 72 95 120 99 98 71 72 99 40 82 103 92 68 65 86 96 86 77 59 39 24 9 1 15 40 36 38 33 28 27 26 21 16 20 20 18 18 20 21 18 16 14 13 12 10 
12 12 12 12 12 12 12 12 12 12 13 13 14 14 14 14 12 12 15 16 18 19 20 18 19 19 21 20 20 19 21 24 29 35 26 19 18 21 30 49 69 105 182 195 203 195 140 150 166 177 150 132 159 160 145 165 168 151 140 127 106 94 94 100 87 129 112 122 120 109 125 85 108 148 116 94 76 75 92 53 88 96 78 59 61 78 91 86 80 65 49 36 19 11 25 46 40 37 33 28 26 27 22 18 21 19 18 16 18 19 18 16 14 13 12 10 
12 12 12 12 12 12 12 12 12 12 12 13 13 14 14 14 12 12 15 16 18 19 20 20 21 20 21 21 21 21 24 25 31 32 24 20 24 29 38 57 73 111 175 183 194 204 168 168 165 175 160 156 178 172 166 193 183 154 130 114 98 92 100 112 98 143 130 124 118 125 153 117 112 154 123 105 91 65 72 71 100 91 63 49 54 68 78 81 83 74 63 54 37 27 35 48 44 37 35 29 27 28 23 18 20 20 19 16 18 19 18 16 14 13 12 10 
11 11 11 11 11 11 11 11 11 11 12 12 13 13 14 14 12 12 15 16 18 19 20 18 19 20 22 22 22 22 23 26 33 32 22 22 26 31 41 64 103 133 178 185 204 224 194 175 165 171 166 166 169 155 150 174 179 150 131 127 118 112 116 124 148 155 136 131 118 117 139 119 106 128 122 124 95 50 60 83 111 85 49 37 43 51 58 66 72 70 68 66 51 38 41 45 46 37 35 30 28 29 24 20 21 21 17 17 17 17 16 16 14 13 12 10 
11 11 11 11 11 11 11 11 11 11 11 12 12 13 13 13 12 12 15 16 18 19 20 20 21 21 23 23 23 24 27 28 37 34 23 21 26 30 44 72 115 154 197 204 206 207 171 135 133 143 153 160 158 145 147 167 166 143 141 156 153 137 129 129 143 138 132 127 107 110 130 120 107 119 133 122 72 55 81 82 62 30 0 0 0 0 1 12 50 53 58 67 61 51 49 46 45 36 36 32 29 27 25 22 21 20 18 17 17 17 16 16 14 13 12 10 
10 10 10 10 10 10 10 10 10 11 11 11 12 12 13 13 12 12 15 16 18 19 20 18 20 21 23 23 24 24 26 30 37 34 24 23 26 31 51 87 105 149 189 198 185 180 162 137 131 145 161 166 157 147 152 161 167 134 125 138 135 122 126 138 134 137 144 128 101 112 126 111 114 127 136 92 47 80 107 70 69 41 17 9 9 16 24 36 39 40 45 59 62 55 53 46 42 33 36 33 28 27 26 24 22 21 19 18 17 17 16 14 13 13 12 10 
10 10 10 10 10 10 10 10 10 10 11 11 11 12 12 12 12 12 15 16 18 19 20 20 22 21 24 24 25 26 29 29 34 33 26 26 28 35 63 107 123 150 175 194 191 192 186 161 150 164 177 170 144 132 130 122 167 129 112 120 117 113 130 153 157 123 127 127 107 104 93 69 111 111 108 72 65 100 101 58 76 56 41 31 28 33 40 51 48 41 36 43 48 45 42 33 38 31 36 33 27 27 24 22 22 21 20 18 18 17 16 16 14 13 12 10 
10 10 10 10 10 10 10 10 10 10 10 11 11 12 12 12 14 14 17 18 18 19 20 20 22 21 23 24 23 26 28 27 32 29 26 28 30 40 75 124 133 144 160 197 209 200 169 115 110 130 154 157 142 148 157 148 147 121 124 148 150 136 143 159 121 31 31 91 118 114 96 84 105 82 65 69 102 108 75 56 80 65 54 41 37 42 48 52 62 43 27 30 38 39 35 24 38 31 36 33 27 26 24 22 23 22 20 19 18 17 16 15 14 13 12 10 
12 12 12 12 12 12 12 12 14 14 14 14 14 14 14 14 15 16 17 18 20 21 22 22 23 21 22 21 21 21 25 29 25 28 23 26 32 39 78 143 139 112 124 176 215 205 138 58 44 3 0 0 0 0 12 59 99 99 133 157 143 146 159 139 85 7 27 30 61 106 79 96 119 74 71 105 108 84 64 41 64 68 60 44 43 50 54 56 54 37 38 7 51 56 48 35 27 32 41 32 27 27 24 23 24 23 20 19 18 18 16 16 15 16 14 12 
12 12 12 12 12 12 12 12 14 14 14 14 14 14 14 14 17 18 19 20 21 23 22 21 23 21 20 19 19 19 24 27 26 28 26 28 35 44 83 146 144 139 145 154 219 113 27 0 8 1 12 25 26 17 16 25 34 40 84 133 150 165 173 144 67 17 38 47 57 77 75 98 118 91 92 109 101 77 66 52 58 62 57 41 43 50 54 51 43 33 38 7 51 63 56 36 25 30 39 32 28 28 25 24 24 23 20 19 18 18 16 16 15 16 14 12 
12 12 12 12 12 12 12 12 13 13 13 13 13 13 13 13 17 17 18 20 21 23 22 21 23 21 20 19 19 21 25 29 31 33 28 33 40 47 86 148 135 126 138 110 162 24 0 12 27 43 56 56 56 62 56 48 32 30 63 109 138 154 147 110 59 52 75 92 70 52 82 109 122 114 114 108 86 68 70 59 53 59 55 39 42 48 53 51 42 45 53 13 50 62 56 30 22 29 40 32 30 29 27 26 24 23 20 19 18 18 16 16 15 16 14 12 
12 12 12 12 12 12 12 12 13 13 13 13 13 13 13 13 16 17 18 19 21 22 21 21 23 21 20 19 19 19 24 29 34 38 33 35 43 51 89 150 124 103 128 107 72 3 32 55 59 68 70 60 57 70 75 72 73 63 69 93 117 126 114 85 53 72 87 109 67 32 92 126 133 130 117 92 75 70 74 62 44 55 53 40 40 47 51 50 40 54 65 16 45 60 52 24 18 24 36 31 29 31 28 27 24 23 20 19 18 18 16 16 14 15 13 11 
12 12 12 12 12 12 12 12 13 13 13 13 13 13 13 13 16 16 17 19 20 22 21 20 23 21 20 19 19 21 25 29 35 40 35 38 46 53 92 153 120 120 133 125 5 18 45 45 53 50 52 52 49 46 48 54 74 73 72 85 108 114 109 98 44 71 73 92 56 28 105 133 132 123 99 70 71 83 85 66 38 49 51 40 41 47 50 49 39 57 71 16 42 55 45 16 13 25 37 32 32 31 28 28 24 23 20 19 18 18 16 16 14 15 13 11 
12 12 12 12 12 12 12 12 12 12 12 12 12 12 12 12 15 16 17 18 20 21 20 20 23 21 20 19 19 19 24 29 35 40 35 40 48 57 96 156 124 137 113 114 0 33 37 50 54 43 41 45 39 30 35 52 56 75 81 90 110 110 106 108 47 68 71 84 63 60 125 136 118 108 78 57 76 97 94 68 33 47 51 42 41 45 48 47 41 57 70 18 42 50 40 13 10 22 35 31 30 31 28 26 24 23 20 19 18 18 16 16 13 14 12 11 
12 12 12 12 12 12 12 12 12 12 12 12 12 12 12 12 15 16 17 18 19 21 20 19 23 21 20 19 19 21 25 29 33 36 33 37 48 57 97 159 127 106 88 117 42 50 51 69 62 51 44 42 37 34 44 60 55 84 92 96 114 108 107 114 44 59 75 86 80 93 130 123 103 100 76 62 83 96 87 64 30 47 51 42 41 43 45 47 45 56 70 20 44 47 36 15 10 24 37 33 32 31 27 25 24 23 20 19 18 18 16 16 13 14 12 10 
12 12 12 12 12 12 12 12 12 12 12 12 12 12 12 12 15 15 16 18 19 21 20 19 23 21 20 19 19 19 24 27 31 33 28 34 46 57 100 162 125 57 92 161 117 70 70 63 48 53 55 52 47 49 50 51 61 92 97 97 118 119 124 138 24 37 68 77 80 102 113 90 98 103 85 72 86 89 75 56 31 50 54 42 39 41 45 49 51 56 68 25 49 48 34 17 9 22 36 32 30 30 26 24 24 23 20 19 18 18 16 16 13 14 12 10 
11 11 11 11 11 11 11 11 13 13 13 13 13 13 13 13 14 14 16 17 19 21 21 20 23 22 20 20 20 23 28 29 28 28 25 35 47 45 87 167 85 35 139 210 167 124 81 88 80 67 71 73 66 64 68 72 86 108 119 115 112 119 141 145 23 45 60 70 89 83 75 81 96 103 77 71 84 85 87 58 29 47 52 44 44 44 47 50 48 62 74 27 38 65 28 12 7 21 36 34 32 27 24 26 23 22 18 17 17 16 15 15 14 15 13 11 
11 11 11 11 11 11 11 11 13 13 13 13 13 13 13 13 13 14 16 17 19 21 20 20 23 21 20 20 20 21 26 27 25 26 21 28 43 46 78 146 64 58 168 223 196 171 123 111 92 90 92 88 81 83 87 90 91 105 109 99 97 121 148 130 22 45 59 66 85 78 71 77 86 97 75 75 89 92 91 66 37 50 52 46 43 44 47 50 53 73 71 34 39 53 26 6 9 19 33 32 29 27 23 25 23 22 18 17 16 16 15 14 14 15 13 11 
11 11 11 11 11 11 11 11 12 12 12 12 12 12 12 12 13 14 15 17 19 21 20 20 22 21 20 19 20 23 27 27 23 26 18 24 39 46 67 109 31 90 201 224 201 183 126 98 104 110 112 99 93 102 111 113 115 121 120 104 102 141 163 115 25 44 58 64 82 72 68 74 84 94 74 79 94 95 92 67 44 52 54 49 44 42 49 51 54 77 58 39 44 43 30 3 10 23 35 32 30 26 23 24 22 21 17 16 16 15 14 14 14 14 12 11 
10 10 10 10 10 10 10 10 12 12 12 12 12 12 12 12 13 13 15 17 18 20 20 19 22 21 19 19 19 20 26 28 23 26 21 20 35 46 57 75 2 110 215 217 189 166 116 102 125 133 124 104 108 125 131 128 134 138 141 123 118 155 158 84 24 43 55 61 78 72 69 75 97 100 76 78 92 89 85 65 52 53 52 53 46 44 52 54 60 75 36 33 50 41 38 6 14 23 33 29 27 26 22 23 21 20 17 15 15 14 13 13 13 14 12 10 
10 10 10 10 10 10 10 10 11 11 11 11 11 11 11 11 12 13 14 16 18 20 19 19 21 20 19 18 19 22 26 28 28 31 23 19 29 43 47 54 17 131 217 208 173 147 130 149 159 161 137 116 128 148 146 135 121 130 138 127 122 139 120 37 27 44 51 57 78 77 75 81 104 101 72 72 86 83 82 66 58 51 51 56 49 47 56 59 71 70 20 27 55 44 38 5 18 27 34 29 28 25 21 21 20 19 16 14 14 13 12 12 13 13 12 10 
10 10 10 10 10 10 10 10 11 11 11 11 11 11 11 11 12 12 14 16 18 19 19 18 21 20 18 18 18 19 25 29 35 33 25 21 24 36 42 47 73 165 212 190 149 121 124 153 172 172 144 130 151 162 147 135 110 125 130 122 121 114 78 17 33 46 44 51 79 82 79 82 98 93 62 65 83 81 82 71 60 45 45 56 48 46 60 62 75 55 18 28 59 50 26 4 22 27 32 26 25 25 20 20 19 18 15 13 13 12 11 11 12 13 11 9 
9 9 9 9 9 9 9 9 10 10 10 10 10 10 10 10 11 12 13 15 17 19 18 18 21 19 18 17 18 21 25 30 41 37 29 26 20 30 40 49 109 178 205 183 147 122 117 116 142 148 134 135 161 164 143 136 126 138 128 117 115 83 43 21 42 51 41 46 77 85 81 82 90 85 56 63 82 81 81 70 57 37 37 54 46 45 61 62 58 30 21 33 66 60 19 14 25 30 33 26 26 24 20 19 19 18 14 13 12 12 11 10 12 13 11 9 
9 9 9 9 9 9 9 9 10 10 10 10 10 10 10 10 9 10 11 13 15 17 18 18 18 19 18 17 18 21 25 30 45 37 31 26 17 22 37 51 97 163 192 190 176 166 147 106 95 106 108 126 160 158 138 138 145 151 126 108 103 57 18 23 46 54 42 45 74 80 71 71 87 88 66 73 88 79 73 62 55 38 46 68 59 58 73 77 50 22 35 41 68 66 16 26 27 31 33 25 26 24 19 18 18 17 16 12 14 13 10 10 14 12 11 9 
11 11 11 11 11 11 11 11 11 11 11 11 11 11 11 9 10 9 10 12 13 15 18 19 18 17 21 21 21 21 23 29 42 33 29 27 16 12 26 46 47 147 182 167 172 157 130 126 127 60 81 143 169 156 138 152 162 152 125 105 81 33 14 31 50 48 50 49 57 66 67 58 90 107 100 89 87 76 55 61 63 47 45 73 93 94 79 66 24 37 48 64 69 44 23 28 41 29 27 25 23 21 17 16 17 19 18 17 17 15 13 15 13 14 13 11 
11 11 11 11 11 11 11 11 11 11 11 11 11 11 11 9 9 7 9 10 12 15 17 17 18 17 21 21 21 22 25 27 38 30 26 21 13 16 30 45 68 82 164 172 138 142 122 99 145 121 123 130 148 152 136 154 142 144 123 95 64 23 21 47 50 47 50 48 53 61 58 52 89 108 104 95 92 77 53 54 65 56 39 36 40 51 44 25 22 36 53 70 61 26 16 40 41 29 27 24 22 20 17 16 18 20 19 18 16 15 15 14 13 14 12 11 
11 11 11 11 11 11 11 11 11 11 11 11 11 11 11 9 9 9 9 10 13 16 17 17 17 18 20 20 21 22 24 26 32 32 24 16 13 24 36 49 78 54 146 153 124 170 162 150 118 139 150 140 147 138 112 136 143 142 112 66 29 9 28 64 50 46 47 46 52 61 59 52 83 96 96 92 90 77 56 55 69 69 45 13 2 19 20 0 20 39 62 72 49 9 12 48 38 30 27 25 23 21 18 18 17 18 18 17 15 14 14 16 15 14 12 11 
11 11 11 11 11 11 11 11 11 11 11 11 11 11 11 9 9 8 9 10 12 15 17 18 18 18 19 19 20 21 23 25 27 30 26 16 19 29 41 54 86 117 154 131 137 178 165 163 105 124 159 170 165 143 125 151 154 131 77 22 0 3 34 64 50 46 41 41 49 59 57 55 70 84 90 90 84 71 57 59 65 74 61 31 10 20 28 21 44 64 75 62 28 5 18 44 35 30 25 22 22 19 17 17 15 17 16 16 14 13 14 13 12 13 12 10 
11 11 11 11 11 11 11 11 11 11 11 11 11 11 11 11 9 8 9 10 12 15 17 18 17 17 19 20 19 20 22 24 21 31 27 21 28 36 46 65 112 183 171 163 169 153 155 155 107 103 143 152 128 127 129 130 126 85 26 0 0 18 38 50 48 43 38 37 44 52 54 54 57 72 83 87 75 63 59 67 58 64 61 41 13 12 33 49 67 80 72 37 8 12 29 33 34 30 24 21 21 18 17 16 15 16 14 14 13 12 13 14 14 13 11 10 
11 11 11 11 11 11 11 11 11 11 11 11 11 11 11 11 9 8 9 10 12 14 17 17 16 16 18 19 18 21 24 23 19 29 26 24 35 39 54 90 155 178 152 176 138 81 122 133 124 122 158 145 113 133 128 84 62 26 0 0 13 35 40 33 44 42 35 34 37 46 49 57 51 58 72 79 67 59 63 70 66 62 54 33 7 11 40 66 72 69 49 15 2 24 35 24 32 29 23 20 19 17 16 14 13 14 12 13 12 11 12 14 13 12 11 9 
11 11 11 11 11 11 11 11 11 11 11 11 11 11 11 11 8 8 8 9 13 16 16 17 15 17 18 18 19 20 23 21 18 24 21 26 38 41 69 124 162 147 134 149 82 13 43 61 121 118 141 127 109 122 102 60 18 0 0 19 30 36 32 30 41 42 38 32 34 37 47 56 50 44 55 66 61 60 66 68 66 65 49 22 11 35 63 69 68 40 22 17 16 31 31 19 28 29 22 19 18 16 15 14 13 14 13 12 11 10 11 13 13 12 10 9 
11 11 11 11 11 11 11 11 11 11 11 11 11 11 11 11 8 8 8 9 13 16 16 18 17 17 17 18 19 20 23 21 20 22 15 23 39 44 79 151 113 125 155 158 110 56 33 47 32 6 1 0 0 0 0 0 9 4 22 41 37 26 26 34 39 43 39 34 30 34 44 57 51 33 37 53 56 60 64 62 46 52 39 11 15 58 79 60 65 20 6 25 32 32 24 20 28 29 23 18 18 16 15 15 13 13 12 13 11 12 13 13 13 12 10 9 
11 11 11 11 11 11 11 11 9 9 9 10 10 10 11 11 12 12 11 12 14 16 16 15 17 17 17 16 17 17 22 20 25 15 23 32 30 55 101 132 142 165 158 165 139 113 113 68 49 33 22 18 19 19 18 17 36 36 35 36 32 29 26 26 37 37 33 30 28 31 39 47 54 44 28 18 26 37 45 48 33 31 23 25 44 62 57 41 16 20 27 37 40 36 22 17 22 26 21 19 18 15 14 12 10 13 13 13 11 11 11 10 11 11 11 11 
10 10 10 10 10 10 10 10 9 9 9 10 10 10 11 11 12 12 11 11 14 16 16 17 18 18 17 16 17 17 22 22 20 21 27 23 29 66 93 90 171 184 167 167 155 141 127 59 58 43 38 34 34 36 36 37 38 36 38 36 34 32 29 30 35 35 32 29 29 32 36 43 51 47 38 27 19 18 19 22 28 22 13 13 24 33 27 16 21 26 36 44 40 32 19 18 25 26 21 20 17 16 15 12 11 12 15 13 13 11 11 10 11 11 11 11 
9 9 9 9 9 9 9 9 9 9 9 10 10 10 11 11 12 12 13 13 14 16 18 17 18 18 19 17 17 17 21 23 22 22 25 25 28 53 76 84 159 189 183 166 149 143 127 60 48 38 40 39 38 38 40 41 38 38 35 33 32 30 27 28 31 31 29 28 29 32 35 39 43 48 48 37 20 6 3 4 15 4 0 4 12 11 10 6 32 39 48 49 43 31 21 21 25 25 21 18 17 15 13 10 12 13 13 12 12 10 10 9 11 11 11 11 
8 8 8 8 8 8 8 8 9 9 9 10 10 10 11 11 12 11 13 13 13 15 17 16 18 18 18 17 16 18 21 22 29 17 23 37 30 26 63 114 152 170 154 130 131 147 119 44 27 24 32 32 29 29 31 33 32 32 28 26 26 24 23 23 28 27 28 28 30 33 36 37 34 42 50 43 30 18 12 11 4 0 0 9 16 16 20 28 41 44 47 45 39 30 25 25 25 23 18 17 16 15 11 10 10 13 13 11 11 9 9 9 10 10 10 10 
7 7 7 7 7 7 7 7 9 9 9 10 10 10 11 11 13 13 12 12 15 17 17 16 18 19 17 15 16 16 19 22 28 19 22 34 31 24 52 104 157 147 121 109 145 167 104 12 24 24 35 36 31 31 30 30 26 25 26 23 23 22 24 23 23 21 24 27 31 33 36 35 33 36 40 41 39 34 29 27 16 12 16 26 31 30 33 43 43 38 33 32 33 34 33 28 24 23 18 15 15 13 8 9 10 11 11 9 9 10 8 8 10 10 10 10 
7 7 7 7 7 7 7 7 9 9 9 10 10 10 11 11 13 12 12 12 15 16 16 17 18 17 16 14 14 14 17 20 17 29 23 18 28 40 43 49 91 119 150 151 156 137 59 0 25 28 37 33 29 29 28 25 23 23 24 23 23 25 27 24 17 15 18 23 29 33 34 34 37 33 31 33 36 37 36 33 37 36 36 39 38 33 32 34 33 24 17 20 28 34 35 32 24 19 15 14 13 10 8 7 8 9 9 10 10 9 8 7 9 9 9 9 
8 8 8 8 8 8 8 8 9 9 9 10 10 10 11 11 12 12 13 13 14 16 18 17 17 16 16 14 12 12 14 18 18 33 22 11 24 38 34 28 30 73 130 127 101 62 15 21 29 32 37 29 26 28 26 19 21 21 21 21 21 22 21 19 9 9 14 21 26 33 33 31 31 26 20 20 25 26 29 27 35 40 39 34 32 28 23 14 14 12 12 16 25 31 37 35 24 18 14 12 11 10 8 5 6 8 8 9 9 8 9 9 9 9 9 9 
8 8 8 8 8 8 8 8 9 9 9 10 10 10 11 13 12 12 11 11 12 14 16 17 14 15 15 13 12 14 17 21 25 31 23 18 22 20 24 50 46 25 24 7 6 6 0 36 37 39 41 34 29 34 32 23 19 19 19 19 18 18 16 13 10 10 14 20 26 29 31 30 23 21 18 18 19 21 25 27 18 28 29 25 23 27 23 11 8 12 20 24 25 26 32 33 25 20 16 13 13 11 9 6 8 8 9 8 9 8 7 8 9 9 9 9 
11 11 11 11 11 11 11 11 14 14 14 14 14 14 14 12 12 10 10 11 11 12 12 10 12 14 15 17 16 15 18 19 22 21 22 24 25 29 33 36 37 31 21 12 11 18 27 32 35 32 30 28 25 25 23 23 23 24 25 23 22 22 20 17 14 15 18 20 22 24 25 25 26 25 25 26 26 27 26 24 26 26 25 24 25 24 24 23 20 19 21 21 23 22 24 27 22 21 19 17 15 13 11 10 8 10 9 8 7 6 5 6 10 11 11 11 
11 11 11 11 11 11 11 11 14 14 14 14 14 14 14 12 10 10 10 11 9 9 10 10 11 13 14 16 17 18 19 20 19 18 20 24 25 28 30 31 35 31 23 19 17 21 27 29 30 27 25 25 23 21 22 23 23 23 23 24 22 22 20 19 17 16 17 19 20 22 23 21 24 24 26 26 27 27 27 24 24 23 23 23 22 23 24 26 23 24 24 24 21 20 18 21 22 23 21 19 16 14 12 11 10 9 9 8 6 6 5 6 10 11 11 11 
11 11 11 11 11 11 11 11 13 13 13 13 13 13 13 13 11 9 10 10 11 11 9 10 10 12 13 15 15 17 20 20 17 16 17 20 23 26 26 28 32 33 33 33 31 31 31 28 25 23 21 20 20 20 18 19 18 19 20 20 18 18 16 16 15 15 16 15 17 18 19 17 20 20 21 23 24 23 23 22 20 20 19 20 19 20 21 22 19 20 21 20 17 17 15 19 20 21 20 17 15 13 11 10 9 9 8 7 6 5 5 7 9 10 10 10 
11 11 11 11 11 11 11 11 13 13 13 13 13 13 13 13 11 9 9 10 10 11 9 9 9 11 12 13 13 15 17 18 15 14 16 17 20 23 25 24 26 27 30 32 32 28 25 23 21 21 19 19 19 17 17 16 15 17 18 17 16 16 15 14 12 13 14 15 16 17 17 17 18 19 19 20 21 21 21 18 19 17 18 17 17 16 18 19 19 18 18 18 16 16 15 18 18 19 17 16 13 12 10 9 8 8 7 7 6 5 5 7 9 10 10 10 
11 11 11 11 11 11 11 11 12 12 12 12 12 12 12 12 10 10 11 11 10 10 9 9 8 11 12 13 11 12 15 15 15 15 17 17 20 22 24 23 23 22 24 25 25 23 21 20 21 21 20 19 19 17 18 17 16 17 18 19 17 16 15 15 15 15 16 16 15 16 17 17 17 18 19 21 22 22 20 19 18 16 17 16 17 16 18 18 20 19 20 20 18 19 17 18 17 16 15 13 12 10 9 8 7 7 6 6 6 5 5 7 9 10 10 10 
11 11 11 11 11 11 11 11 12 12 12 12 12 12 12 12 10 10 10 11 9 10 8 8 7 9 11 12 9 10 13 13 12 12 14 16 19 21 23 22 24 22 22 20 20 20 20 20 20 20 20 19 19 18 18 17 16 16 17 18 17 18 17 17 17 17 17 18 16 17 17 16 18 19 19 21 21 21 19 18 18 16 17 16 16 15 17 16 19 20 19 20 18 18 17 18 15 14 13 12 10 9 7 7 6 6 5 5 5 5 5 7 8 9 9 9 
11 11 11 11 11 11 11 11 11 11 11 11 11 11 11 11 12 12 10 10 11 11 10 10 6 9 11 11 10 11 13 13 11 12 13 13 16 18 20 19 22 21 21 22 22 19 19 20 19 20 19 18 18 17 18 18 16 16 17 16 15 15 15 15 16 17 15 15 16 16 15 15 17 17 18 20 19 19 19 18 17 16 18 17 16 15 16 16 19 19 18 19 18 17 16 17 15 14 13 12 11 9 8 8 7 7 7 7 7 7 7 7 8 9 9 9 
11 11 11 11 11 11 11 11 11 11 11 11 11 11 11 11 11 12 10 10 11 11 10 10 6 8 10 11 9 10 12 14 10 11 12 12 14 16 18 17 18 18 20 22 22 18 16 17 19 20 19 18 17 18 17 19 15 16 15 14 13 15 14 16 16 16 16 16 17 15 15 13 15 16 18 19 20 18 17 17 17 17 18 17 16 15 15 15 17 18 18 18 17 16 15 15 14 13 12 11 10 9 8 7 6 6 7 7 7 7 7 9 9 9 9 9 
8 8 8 9 9 10 10 10 13 13 13 13 13 13 13 13 13 13 13 13 13 13 11 11 9 9 8 9 11 12 12 12 12 11 12 14 15 15 16 14 15 14 15 16 16 15 14 13 16 18 17 18 17 16 15 16 13 14 14 14 13 15 14 14 17 17 17 17 17 15 15 13 16 16 16 15 15 16 16 16 16 16 16 15 15 16 16 16 17 18 17 18 17 16 15 15 15 15 14 13 12 11 10 10 8 8 8 8 8 8 8 8 9 9 9 9 
8 9 9 9 10 10 11 11 13 13 13 13 13 13 13 13 13 13 13 13 13 13 11 11 8 9 7 8 10 10 11 12 12 12 13 12 14 15 16 15 15 14 15 16 16 13 12 13 17 18 18 18 17 16 15 14 14 14 14 13 15 14 14 14 17 17 17 17 16 16 14 14 16 16 15 15 14 14 15 15 17 17 16 16 15 17 16 16 16 15 17 16 15 14 13 13 15 14 14 13 12 11 10 9 8 8 8 8 8 8 8 8 9 9 9 9 
9 9 10 10 11 11 11 12 13 13 13 13 13 13 13 13 14 14 14 14 13 13 13 13 9 10 8 9 10 11 9 10 10 11 12 13 15 15 16 14 15 15 17 15 15 15 13 15 17 18 18 17 16 15 15 14 13 13 13 12 12 11 11 13 15 17 15 15 15 15 14 14 14 14 15 15 14 14 14 15 17 16 16 18 17 17 16 16 15 15 14 13 12 12 11 11 15 14 14 13 12 11 11 10 9 9 9 9 9 9 9 9 9 9 9 9 
10 10 10 11 11 12 12 12 13 13 13 13 13 13 13 13 14 14 14 14 13 13 13 13 8 9 7 8 8 9 7 8 11 11 12 11 12 13 14 13 13 12 13 14 14 11 10 11 13 15 15 14 13 13 12 12 12 12 11 11 10 10 9 11 13 15 13 13 13 13 12 12 12 12 12 13 11 12 12 12 14 14 16 15 15 14 14 14 14 14 13 13 12 11 11 11 13 13 12 12 11 11 10 10 9 9 9 9 9 9 9 9 9 9 9 9 
10 10 10 11 11 12 12 12 13 13 13 13 13 13 13 13 14 16 14 14 14 14 13 13 8 8 9 9 7 8 8 8 11 12 12 13 14 13 13 12 11 11 12 13 13 12 11 10 12 14 12 11 11 11 11 10 10 10 8 7 7 6 6 8 11 12 12 12 11 11 11 11 10 10 8 9 9 10 8 10 12 14 14 13 13 12 10 10 12 12 11 11 11 10 10 10 10 11 11 11 10 10 10 10 9 9 9 9 9 9 9 9 9 9 9 9 
9 9 10 10 11 11 11 12 13 13 13 13 13 13 13 13 14 16 14 14 14 14 13 13 8 8 9 9 7 7 7 7 11 11 12 12 13 13 12 12 9 10 10 11 11 10 9 9 10 12 10 10 10 10 9 9 9 9 6 6 5 5 5 6 10 11 11 11 10 10 10 8 9 9 7 8 8 9 7 9 11 13 13 12 12 11 9 9 10 10 10 10 10 8 8 10 9 10 10 10 10 9 9 9 9 9 9 9 9 9 9 9 9 9 9 9 
8 9 9 9 10 10 11 11 13 13 13 13 13 13 13 14 16 16 16 16 14 14 13 13 11 11 9 9 7 7 7 7 11 13 13 14 12 12 13 13 10 11 10 11 11 10 8 8 9 9 9 9 9 9 9 9 6 6 5 5 3 3 3 3 10 11 10 10 10 10 8 8 8 6 7 7 6 6 6 9 11 12 12 12 9 9 8 8 6 6 6 6 6 6 6 6 8 9 9 9 9 9 9 9 9 9 9 9 9 9 9 9 9 9 9 9 
8 8 8 9 9 10 10 10 13 13 13 14 14 14 14 14 16 16 16 16 14 14 13 13 12 11 9 9 7 7 7 9 13 13 13 14 12 12 12 12 11 10 12 12 12 12 8 7 8 8 8 8 9 9 9 9 7 7 7 6 4 3 3 5 10 10 10 10 10 10 10 8 8 8 8 9 9 8 8 10 12 12 12 11 11 8 8 8 5 5 5 5 5 6 4 6 7 8 8 8 9 9 9 9 9 9 9 9 9 9 9 9 9 9 9 9 
7 7 7 7 9 9 10 10 11 11 11 13 13 13 13 13 15 15 15 15 13 13 11 11 12 12 11 10 8 7 7 7 10 10 10 10 10 10 10 10 10 8 9 9 10 10 10 10 9 11 11 10 10 9 9 7 7 7 7 7 7 7 7 7 7 7 7 7 9 9 9 9 9 9 10 11 11 14 14 12 13 13 13 12 12 11 11 10 8 8 8 8 8 8 8 8 8 8 8 8 8 8 8 8 9 9 8 8 7 7 6 6 7 7 7 7 
7 7 7 7 9 9 10 10 11 11 13 13 15 15 15 15 15 15 15 15 13 13 11 11 12 12 11 10 8 7 7 7 10 10 10 10 10 10 10 10 10 10 11 11 12 12 12 12 11 11 11 10 10 9 9 9 9 9 9 9 9 9 9 9 7 7 7 7 9 9 10 10 10 10 12 13 15 16 16 14 12 12 12 11 11 10 10 10 9 9 9 9 9 9 9 9 8 8 8 8 8 8 8 8 9 9 8 8 7 7 6 6 7 7 7 7 
7 7 7 7 9 9 10 10 11 11 13 13 15 15 15 15 15 15 15 15 13 13 11 11 12 12 11 10 8 7 7 7 10 10 10 10 10 10 10 10 10 10 11 11 12 12 12 12 11 11 11 10 10 9 9 9 9 9 9 9 9 9 9 9 7 7 7 7 9 9 10 10 10 10 12 13 15 16 16 16 13 11 11 10 10 9 9 9 9 9 9 9 9 9 9 9 8 8 8 8 8 8 8 8 9 9 8 8 7 7 6 6 7 7 7 7 
